-6,8,24,33,45,66,91,106,99,65,20,-17,-42,-61,-74,-80,-87,-94,-26,-39,-10,64,149,243,328,405,485,517,504,471,424,352,262,169,84,-1,99,197,278,393,525,676,845,1013,1183,1341,1501,1661,1808,1931,2019,2065,2096,2126,194,385,575,742,921,1126,1388,1671,1956,2238,2503,2778,3053,3331,3581,3796,3994,4196,225,405,616,815,1029,1265,1574,1921,2304,2668,2968,3269,3569,3888,4191,4471,4738,4999,232,377,543,697,876,1087,1352,1648,1998,2326,2615,2912,3194,3501,3800,4090,4387,4671,249,415,576,723,851,1024,1260,1528,1876,2178,2448,2736,3002,3301,3607,3898,4192,4485,231,396,504,604,685,826,1032,1257,1582,1884,2153,2431,2700,2998,3325,3628,3933,4237,151,254,267,263,259,326,446,610,897,1188,1451,1706,1957,2239,2556,2850,3152,3469,14,30,39,51,72,97,112,105,71,26,-11,-36,-55,-68,-74,-81,-88,-13,16,90,175,269,354,431,511,543,530,497,450,378,288,195,110,25,98,179,294,426,577,746,914,1084,1242,1402,1562,1709,1832,1920,1966,1997,2027,191,381,548,727,932,1194,1477,1762,2044,2309,2584,2859,3137,3387,3602,3800,4002,180,391,590,804,1040,1349,1696,2079,2443,2743,3044,3344,3663,3966,4246,4513,4774,145,311,465,644,855,1120,1416,1766,2094,2383,2680,2962,3269,3568,3858,4155,4439,166,327,474,602,775,1011,1279,1627,1929,2199,2487,2753,3052,3358,3649,3943,4236,165,273,373,454,595,801,1026,1351,1653,1922,2200,2469,2767,3094,3397,3702,4006,103,116,112,108,175,295,459,746,1037,1300,1555,1806,2088,2405,2699,3001,3318,16,25,37,58,83,98,91,57,12,-25,-50,-69,-82,-88,-95,-102,29,103,188,282,367,444,524,556,543,510,463,391,301,208,123,38,81,196,328,479,648,816,986,1144,1304,1464,1611,1734,1822,1868,1899,1929,190,357,536,741,1003,1286,1571,1853,2118,2393,2668,2946,3196,3411,3609,3811,211,410,624,860,1169,1516,1899,2263,2563,2864,3164,3483,3786,4066,4333,4594,166,320,499,710,975,1271,1621,1949,2238,2535,2817,3124,3423,3713,4010,4294,161,308,436,609,845,1113,1461,1763,2033,2321,2587,2886,3192,3483,3777,4070,108,208,289,430,636,861,1186,1488,1757,2035,2304,2602,2929,3232,3537,3841,13,9,5,72,192,356,643,934,1197,1452,1703,1985,2302,2596,2898,3215,9,21,42,67,82,75,41,-4,-41,-66,-85,-98,-104,-111,-118,74,159,253,338,415,495,527,514,481,434,362,272,179,94,9,115,247,398,567,735,905,1063,1223,1383,1530,1653,1741,1787,1818,1848,167,346,551,813,1096,1381,1663,1928,2203,2478,2756,3006,3221,3419,3621,199,413,649,958,1305,1688,2052,2352,2653,2953,3272,3575,3855,4122,4383,154,333,544,809,1105,1455,1783,2072,2369,2651,2958,3257,3547,3844,4128,147,275,448,684,952,1300,1602,1872,2160,2426,2725,3031,3322,3616,3909,100,181,322,528,753,1078,1380,1649,1927,2196,2494,2821,3124,3429,3733,-4,-8,59,179,343,630,921,1184,1439,1690,1972,2289,2583,2885,3202,12,33,58,73,66,32,-13,-50,-75,-94,-107,-113,-120,-127,85,179,264,341,421,453,440,407,360,288,198,105,20,-65,132,283,452,620,790,948,1108,1268,1415,1538,1626,1672,1703,1733,179,384,646,929,1214,1496,1761,2036,2311,2589,2839,3054,3252,3454,214,450,759,1106,1489,1853,2153,2454,2754,3073,3376,3656,3923,4184,179,390,655,951,1301,1629,1918,2215,2497,2804,3103,3393,3690,3974,128,301,537,805,1153,1455,1725,2013,2279,2578,2884,3175,3469,3762,81,222,428,653,978,1280,1549,1827,2096,2394,2721,3024,3329,3633,-4,63,183,347,634,925,1188,1443,1694,1976,2293,2587,2889,3206,21,46,61,54,20,-25,-62,-87,-106,-119,-125,-132,-139,94,179,256,336,368,355,322,275,203,113,20,-65,-150,151,320,488,658,816,976,1136,1283,1406,1494,1540,1571,1601,205,467,750,1035,1317,1582,1857,2132,2410,2660,2875,3073,3275,236,545,892,1275,1639,1939,2240,2540,2859,3162,3442,3709,3970,211,476,772,1122,1450,1739,2036,2318,2625,2924,3214,3511,3795,173,409,677,1025,1327,1597,1885,2151,2450,2756,3047,3341,3634,141,347,572,897,1199,1468,1746,2015,2313,2640,2943,3248,3552,67,187,351,638,929,1192,1447,1698,1980,2297,2591,2893,3210,25,40,33,-1,-46,-83,-108,-127,-140,-146,-153,-160,85,162,242,274,261,228,181,109,19,-74,-159,-244,169,337,507,665,825,985,1132,1255,1343,1389,1420,1450,262,545,830,1112,1377,1652,1927,2205,2455,2670,2868,3070,309,656,1039,1403,1703,2004,2304,2623,2926,3206,3473,3734,265,561,911,1239,1528,1825,2107,2414,2713,3003,3300,3584,236,504,852,1154,1424,1712,1978,2277,2583,2874,3168,3461,206,431,756,1058,1327,1605,1874,2172,2499,2802,3107,3411,120,284,571,862,1125,1380,1631,1913,2230,2524,2826,3143,15,8,-26,-71,-108,-133,-152,-165,-171,-178,-185,77,157,189,176,143,96,24,-66,-159,-244,-329,168,338,496,656,816,963,1086,1174,1220,1251,1281,283,568,850,1115,1390,1665,1943,2193,2408,2606,2808,347,730,1094,1394,1695,1995,2314,2617,2897,3164,3425,296,646,974,1263,1560,1842,2149,2448,2738,3035,3319,268,616,918,1188,1476,1742,2041,2347,2638,2932,3225,225,550,852,1121,1399,1668,1966,2293,2596,2901,3205,164,451,742,1005,1260,1511,1793,2110,2404,2706,3023,-7,-41,-86,-123,-148,-167,-180,-186,-193,-200,80,112,99,66,19,-53,-143,-236,-321,-406,170,328,488,648,795,918,1006,1052,1083,1113,285,567,832,1107,1382,1660,1910,2125,2323,2525,383,747,1047,1348,1648,1967,2270,2550,2817,3078,350,678,967,1264,1546,1853,2152,2442,2739,3023,348,650,920,1208,1474,1773,2079,2370,2664,2957,325,627,896,1174,1443,1741,2068,2371,2676,2980,287,578,841,1096,1347,1629,1946,2240,2542,2859,-34,-79,-116,-141,-160,-173,-179,-186,-193,32,19,-14,-61,-133,-223,-316,-401,-486,158,318,478,625,748,836,882,913,943,282,547,822,1097,1375,1625,1840,2038,2240,364,664,965,1265,1584,1887,2167,2434,2695,328,617,914,1196,1503,1802,2092,2389,2673,302,572,860,1126,1425,1731,2022,2316,2609,302,571,849,1118,1416,1743,2046,2351,2655,291,554,809,1060,1342,1659,1953,2255,2572,-45,-82,-107,-126,-139,-145,-152,-159,-13,-46,-93,-165,-255,-348,-433,-518,160,320,467,590,678,724,755,785,265,540,815,1093,1343,1558,1756,1958,300,601,901,1220,1523,1803,2070,2331,289,586,868,1175,1474,1764,2061,2345,270,558,824,1123,1429,1720,2014,2307,269,547,816,1114,1441,1744,2049,2353,263,518,769,1051,1368,1662,1964,2281,-37,-62,-81,-94,-100,-107,-114,-33,-80,-152,-242,-335,-420,-505,160,307,430,518,564,595,625,275,550,828,1078,1293,1491,1693,301,601,920,1223,1503,1770,2031,297,579,886,1185,1475,1772,2056,288,554,853,1159,1450,1744,2037,278,547,845,1172,1475,1780,2084,255,506,788,1105,1399,1701,2018,-25,-44,-57,-63,-70,-77,-47,-119,-209,-302,-387,-472,147,270,358,404,435,465,275,553,803,1018,1216,1418,300,619,922,1202,1469,1730,282,589,888,1178,1475,1759,266,565,871,1162,1456,1749,269,567,894,1197,1502,1806,251,533,850,1144,1446,1763,-19,-32,-38,-45,-52,-72,-162,-255,-340,-425,123,211,257,288,318,278,528,743,941,1143,319,622,902,1169,1430,307,606,896,1193,1477,299,605,896,1190,1483,298,625,928,1233,1537,282,599,893,1195,1512,-13,-19,-26,-33,-90,-183,-268,-353,88,134,165,195,250,465,663,865,303,583,850,1111,299,589,886,1170,306,597,891,1184,327,630,935,1239,317,611,913,1230,-6,-13,-20,-93,-178,-263,46,77,107,215,413,615,280,547,808,290,587,871,291,585,878,303,608,912,294,596,913,-7,-14,-85,-170,31,61,198,400,267,528,297,581,294,587,305,609,302,619,-7,-85,30,202,261,284,293,304,317,-16,-25,-10,16,41,65,86,111,148,172,169,147,116,75,29,-13,-48,-80,56,85,92,141,206,279,350,418,497,585,696,812,910,984,1028,1038,1040,1038,153,306,429,518,613,723,875,1046,1229,1445,1674,1907,2139,2374,2591,2776,2945,3118,168,293,456,607,759,920,1136,1390,1670,1955,2207,2463,2715,2986,3244,3482,3707,3928,191,291,404,505,626,760,937,1145,1414,1696,1942,2196,2440,2705,2965,3219,3473,3715,198,296,386,461,527,619,757,933,1183,1417,1649,1894,2113,2366,2628,2881,3141,3393,210,352,435,492,516,579,691,826,1063,1301,1536,1778,2004,2261,2546,2812,3080,3350,135,229,238,218,182,202,272,364,556,776,999,1227,1450,1700,1989,2257,2535,2820,-9,6,32,57,81,102,127,164,188,185,163,132,91,45,3,-32,-64,29,36,85,150,223,294,362,441,529,640,756,854,928,972,982,984,982,153,276,365,460,570,722,893,1076,1292,1521,1754,1986,2221,2438,2623,2792,2965,125,288,439,591,752,968,1222,1502,1787,2039,2295,2547,2818,3076,3314,3539,3760,100,213,314,435,569,746,954,1223,1505,1751,2005,2249,2514,2774,3028,3282,3524,98,188,263,329,421,559,735,985,1219,1451,1696,1915,2168,2430,2683,2943,3195,142,225,282,306,369,481,616,853,1091,1326,1568,1794,2051,2336,2602,2870,3140,94,103,83,47,67,137,229,421,641,864,1092,1315,1565,1854,2122,2400,2685,15,41,66,90,111,136,173,197,194,172,141,100,54,12,-23,-55,7,56,121,194,265,333,412,500,611,727,825,899,943,953,955,953,123,212,307,417,569,740,923,1139,1368,1601,1833,2068,2285,2470,2639,2812,163,314,466,627,843,1097,1377,1662,1914,2170,2422,2693,2951,3189,3414,3635,113,214,335,469,646,854,1123,1405,1651,1905,2149,2414,2674,2928,3182,3424,90,165,231,323,461,637,887,1121,1353,1598,1817,2070,2332,2585,2845,3097,83,140,164,227,339,474,711,949,1184,1426,1652,1909,2194,2460,2728,2998,9,-11,-47,-27,43,135,327,547,770,998,1221,1471,1760,2028,2306,2591,26,51,75,96,121,158,182,179,157,126,85,39,-3,-38,-70,49,114,187,258,326,405,493,604,720,818,892,936,946,948,946,89,184,294,446,617,800,1016,1245,1478,1710,1945,2162,2347,2516,2689,151,303,464,680,934,1214,1499,1751,2007,2259,2530,2788,3026,3251,3472,101,222,356,533,741,1010,1292,1538,1792,2036,2301,2561,2815,3069,3311,75,141,233,371,547,797,1031,1263,1508,1727,1980,2242,2495,2755,3007,57,81,144,256,391,628,866,1101,1343,1569,1826,2111,2377,2645,2915,-20,-56,-36,34,126,318,538,761,989,1212,1462,1751,2019,2297,2582,25,49,70,95,132,156,153,131,100,59,13,-29,-64,-96,65,138,209,277,356,444,555,671,769,843,887,897,899,897,95,205,357,528,711,927,1156,1389,1621,1856,2073,2258,2427,2600,152,313,529,783,1063,1348,1600,1856,2108,2379,2637,2875,3100,3321,121,255,432,640,909,1191,1437,1691,1935,2200,2460,2714,2968,3210,66,158,296,472,722,956,1188,1433,1652,1905,2167,2420,2680,2932,24,87,199,334,571,809,1044,1286,1512,1769,2054,2320,2588,2858,-36,-16,54,146,338,558,781,1009,1232,1482,1771,2039,2317,2602,24,45,70,107,131,128,106,75,34,-12,-54,-89,-121,73,144,212,291,379,490,606,704,778,822,832,834,832,110,262,433,616,832,1061,1294,1526,1761,1978,2163,2332,2505,161,377,631,911,1196,1448,1704,1956,2227,2485,2723,2948,3169,134,311,519,788,1070,1316,1570,1814,2079,2339,2593,2847,3089,92,230,406,656,890,1122,1367,1586,1839,2101,2354,2614,2866,63,175,310,547,785,1020,1262,1488,1745,2030,2296,2564,2834,20,90,182,374,594,817,1045,1268,1518,1807,2075,2353,2638,21,46,83,107,104,82,51,10,-36,-78,-113,-145,71,139,218,306,417,533,631,705,749,759,761,759,152,323,506,722,951,1184,1416,1651,1868,2053,2222,2395,216,470,750,1035,1287,1543,1795,2066,2324,2562,2787,3008,177,385,654,936,1182,1436,1680,1945,2205,2459,2713,2955,138,314,564,798,1030,1275,1494,1747,2009,2262,2522,2774,112,247,484,722,957,1199,1425,1682,1967,2233,2501,2771,70,162,354,574,797,1025,1248,1498,1787,2055,2333,2618,25,62,86,83,61,30,-11,-57,-99,-134,-166,68,147,235,346,462,560,634,678,688,690,688,171,354,570,799,1032,1264,1499,1716,1901,2070,2243,254,534,819,1071,1327,1579,1850,2108,2346,2571,2792,208,477,759,1005,1259,1503,1768,2028,2282,2536,2778,176,426,660,892,1137,1356,1609,1871,2124,2384,2636,135,372,610,845,1087,1313,1570,1855,2121,2389,2659,92,284,504,727,955,1178,1428,1717,1985,2263,2548,37,61,58,36,5,-36,-82,-124,-159,-191,79,167,278,394,492,566,610,620,622,620,183,399,628,861,1093,1328,1545,1730,1899,2072,280,565,817,1073,1325,1596,1854,2092,2317,2538,269,551,797,1051,1295,1560,1820,2074,2328,2570,250,484,716,961,1180,1433,1695,1948,2208,2460,237,475,710,952,1178,1435,1720,1986,2254,2524,192,412,635,863,1086,1336,1625,1893,2171,2456,24,21,-1,-32,-73,-119,-161,-196,-228,88,199,315,413,487,531,541,543,541,216,445,678,910,1145,1362,1547,1716,1889,285,537,793,1045,1316,1574,1812,2037,2258,282,528,782,1026,1291,1551,1805,2059,2301,234,466,711,930,1183,1445,1698,1958,2210,238,473,715,941,1198,1483,1749,2017,2287,220,443,671,894,1144,1433,1701,1979,2264,-3,-25,-56,-97,-143,-185,-220,-252,111,227,325,399,443,453,455,453,229,462,694,929,1146,1331,1500,1673,252,508,760,1031,1289,1527,1752,1973,246,500,744,1009,1269,1523,1777,2019,232,477,696,949,1211,1464,1724,1976,235,477,703,960,1245,1511,1779,2049,223,451,674,924,1213,1481,1759,2044,-22,-53,-94,-140,-182,-217,-249,116,214,288,332,342,344,342,233,465,700,917,1102,1271,1444,256,508,779,1037,1275,1500,1721,254,498,763,1023,1277,1531,1773,245,464,717,979,1232,1492,1744,242,468,725,1010,1276,1544,1814,228,451,701,990,1258,1536,1821,-31,-72,-118,-160,-195,-227,98,172,216,226,228,226,232,467,684,869,1038,1211,252,523,781,1019,1244,1465,244,509,769,1023,1277,1519,219,472,734,987,1247,1499,226,483,768,1034,1302,1572,223,473,762,1030,1308,1593,-41,-87,-129,-164,-196,74,118,128,130,128,235,452,637,806,979,271,529,767,992,1213,265,525,779,1033,1275,253,515,768,1028,1280,257,542,808,1076,1346,250,539,807,1085,1370,-46,-88,-123,-155,44,54,56,54,217,402,571,744,258,496,721,942,260,514,768,1010,262,515,775,1027,285,551,819,1089,289,557,835,1120,-42,-77,-109,10,12,10,185,354,527,238,463,684,254,508,750,253,513,765,266,534,804,268,546,831,-35,-67,2,0,169,342,225,446,254,496,260,512,268,538,278,563,-32,-2,173,221,242,252,270,285,12,3,-14,-1,22,47,65,77,90,108,146,194,234,263,278,275,267,253,113,233,302,330,354,386,452,531,608,716,851,996,1150,1316,1479,1621,1745,1874,112,213,339,425,508,596,727,883,1043,1219,1383,1559,1743,1950,2155,2350,2535,2720,133,189,268,344,436,537,675,837,1031,1221,1378,1554,1731,1933,2135,2337,2539,2729,158,223,265,288,313,347,415,512,657,803,949,1107,1258,1446,1650,1860,2074,2277,161,265,308,308,280,284,325,384,521,657,810,977,1132,1326,1553,1778,2007,2235,125,228,246,207,138,112,123,137,229,347,485,640,798,987,1221,1444,1676,1915,31,38,-29,-120,-236,-298,-339,-346,-272,-173,-51,77,207,374,588,792,1003,1233,-9,-26,-13,10,35,53,65,78,96,134,182,222,251,266,263,255,241,120,189,217,241,273,339,418,495,603,738,883,1037,1203,1366,1508,1632,1761,101,227,313,396,484,615,771,931,1107,1271,1447,1631,1838,2043,2238,2423,2608,56,135,211,303,404,542,704,898,1088,1245,1421,1598,1800,2002,2204,2406,2596,65,107,130,155,189,257,354,499,645,791,949,1100,1288,1492,1702,1916,2119,104,147,147,119,123,164,223,360,496,649,816,971,1165,1392,1617,1846,2074,103,121,82,13,-13,-2,12,104,222,360,515,673,862,1096,1319,1551,1790,7,-60,-151,-267,-329,-370,-377,-303,-204,-82,46,176,343,557,761,972,1202,-17,-4,19,44,62,74,87,105,143,191,231,260,275,272,264,250,69,97,121,153,219,298,375,483,618,763,917,1083,1246,1388,1512,1641,126,212,295,383,514,670,830,1006,1170,1346,1530,1737,1942,2137,2322,2507,79,155,247,348,486,648,842,1032,1189,1365,1542,1744,1946,2148,2350,2540,42,65,90,124,192,289,434,580,726,884,1035,1223,1427,1637,1851,2054,43,43,15,19,60,119,256,392,545,712,867,1061,1288,1513,1742,1970,18,-21,-90,-116,-105,-91,1,119,257,412,570,759,993,1216,1448,1687,-67,-158,-274,-336,-377,-384,-310,-211,-89,39,169,336,550,754,965,1195,13,36,61,79,91,104,122,160,208,248,277,292,289,281,267,28,52,84,150,229,306,414,549,694,848,1014,1177,1319,1443,1572,86,169,257,388,544,704,880,1044,1220,1404,1611,1816,2011,2196,2381,76,168,269,407,569,763,953,1110,1286,1463,1665,1867,2069,2271,2461,23,48,82,150,247,392,538,684,842,993,1181,1385,1595,1809,2012,0,-28,-24,17,76,213,349,502,669,824,1018,1245,1470,1699,1927,-39,-108,-134,-123,-109,-17,101,239,394,552,741,975,1198,1430,1669,-91,-207,-269,-310,-317,-243,-144,-22,106,236,403,617,821,1032,1262,23,48,66,78,91,109,147,195,235,264,279,276,268,254,24,56,122,201,278,386,521,666,820,986,1149,1291,1415,1544,83,171,302,458,618,794,958,1134,1318,1525,1730,1925,2110,2295,92,193,331,493,687,877,1034,1210,1387,1589,1791,1993,2195,2385,25,59,127,224,369,515,661,819,970,1158,1362,1572,1786,1989,-28,-24,17,76,213,349,502,669,824,1018,1245,1470,1699,1927,-69,-95,-84,-70,22,140,278,433,591,780,1014,1237,1469,1708,-116,-178,-219,-226,-152,-53,69,197,327,494,708,912,1123,1353,25,43,55,68,86,124,172,212,241,256,253,245,231,32,98,177,254,362,497,642,796,962,1125,1267,1391,1520,88,219,375,535,711,875,1051,1235,1442,1647,1842,2027,2212,101,239,401,595,785,942,1118,1295,1497,1699,1901,2103,2293,34,102,199,344,490,636,794,945,1133,1337,1547,1761,1964,4,45,104,241,377,530,697,852,1046,1273,1498,1727,1955,-26,-15,-1,91,209,347,502,660,849,1083,1306,1538,1777,-62,-103,-110,-36,63,185,313,443,610,824,1028,1239,1469,18,30,43,61,99,147,187,216,231,228,220,206,66,145,222,330,465,610,764,930,1093,1235,1359,1488,131,287,447,623,787,963,1147,1354,1559,1754,1939,2124,138,300,494,684,841,1017,1194,1396,1598,1800,2002,2192,68,165,310,456,602,760,911,1099,1303,1513,1727,1930,41,100,237,373,526,693,848,1042,1269,1494,1723,1951,11,25,117,235,373,528,686,875,1109,1332,1564,1803,-41,-48,26,125,247,375,505,672,886,1090,1301,1531,12,25,43,81,129,169,198,213,210,202,188,79,156,264,399,544,698,864,1027,1169,1293,1422,156,316,492,656,832,1016,1223,1428,1623,1808,1993,162,356,546,703,879,1056,1258,1460,1662,1864,2054,97,242,388,534,692,843,1031,1235,1445,1659,1862,59,196,332,485,652,807,1001,1228,1453,1682,1910,14,106,224,362,517,675,864,1098,1321,1553,1792,-7,67,166,288,416,546,713,927,1131,1342,1572,13,31,69,117,157,186,201,198,190,176,77,185,320,465,619,785,948,1090,1214,1343,160,336,500,676,860,1067,1272,1467,1652,1837,194,384,541,717,894,1096,1298,1500,1702,1892,145,291,437,595,746,934,1138,1348,1562,1765,137,273,426,593,748,942,1169,1394,1623,1851,92,210,348,503,661,850,1084,1307,1539,1778,74,173,295,423,553,720,934,1138,1349,1579,18,56,104,144,173,188,185,177,163,108,243,388,542,708,871,1013,1137,1266,176,340,516,700,907,1112,1307,1492,1677,190,347,523,700,902,1104,1306,1508,1698,146,292,450,601,789,993,1203,1417,1620,136,289,456,611,805,1032,1257,1486,1714,118,256,411,569,758,992,1215,1447,1686,99,221,349,479,646,860,1064,1275,1505,38,86,126,155,170,167,159,145,135,280,434,600,763,905,1029,1158,164,340,524,731,936,1131,1316,1501,157,333,510,712,914,1116,1318,1508,146,304,455,643,847,1057,1271,1474,153,320,475,669,896,1121,1350,1578,138,293,451,640,874,1097,1329,1568,122,250,380,547,761,965,1176,1406,48,88,117,132,129,121,107,145,299,465,628,770,894,1023,176,360,567,772,967,1152,1337,176,353,555,757,959,1161,1351,158,309,497,701,911,1125,1328,167,322,516,743,968,1197,1425,155,313,502,736,959,1191,1430,128,258,425,639,843,1054,1284,40,69,84,81,73,59,154,320,483,625,749,878,184,391,596,791,976,1161,177,379,581,783,985,1175,151,339,543,753,967,1170,155,349,576,801,1030,1258,158,347,581,804,1036,1275,130,297,511,715,926,1156,29,44,41,33,19,166,329,471,595,724,207,412,607,792,977,202,404,606,808,998,188,392,602,816,1019,194,421,646,875,1103,189,423,646,878,1117,167,381,585,796,1026,15,12,4,-10,163,305,429,558,205,400,585,770,202,404,606,796,204,414,628,831,227,452,681,909,234,457,689,928,214,418,629,859,-3,-11,-25,142,266,395,195,380,565,202,404,594,210,424,627,225,454,682,223,455,694,204,415,645,-8,-22,124,253,185,370,202,392,214,417,229,457,232,471,211,441,-14,129,185,190,203,228,239,230,48,104,130,127,121,120,134,153,169,197,235,277,326,383,443,501,554,612,49,117,207,250,286,324,391,475,563,663,743,818,903,1007,1120,1237,1351,1468,54,60,122,185,252,323,414,523,644,745,806,878,951,1045,1143,1255,1373,1484,95,120,140,145,149,151,177,226,320,410,465,521,578,664,770,896,1025,1147,88,129,132,95,42,10,-1,6,75,133,200,265,317,405,529,668,821,969,82,167,191,144,55,-4,-41,-77,-43,1,57,117,176,264,397,535,688,854,-7,-4,-44,-116,-227,-291,-336,-375,-366,-348,-314,-272,-226,-151,-24,106,251,410,56,82,79,73,72,86,105,121,149,187,229,278,335,395,453,506,564,68,158,201,237,275,342,426,514,614,694,769,854,958,1071,1188,1302,1419,6,68,131,198,269,360,469,590,691,752,824,897,991,1089,1201,1319,1430,25,45,50,54,56,82,131,225,315,370,426,483,569,675,801,930,1052,41,44,7,-46,-78,-89,-82,-13,45,112,177,229,317,441,580,733,881,85,109,62,-27,-86,-123,-159,-125,-81,-25,35,94,182,315,453,606,772,3,-37,-109,-220,-284,-329,-368,-359,-341,-307,-265,-219,-144,-17,113,258,417,26,23,17,16,30,49,65,93,131,173,222,279,339,397,450,508,90,133,169,207,274,358,446,546,626,701,786,890,1003,1120,1234,1351,62,125,192,263,354,463,584,685,746,818,891,985,1083,1195,1313,1424,20,25,29,31,57,106,200,290,345,401,458,544,650,776,905,1027,3,-34,-87,-119,-130,-123,-54,4,71,136,188,276,400,539,692,840,24,-23,-112,-171,-208,-244,-210,-166,-110,-50,9,97,230,368,521,687,-40,-112,-223,-287,-332,-371,-362,-344,-310,-268,-222,-147,-20,110,255,414,-3,-9,-10,4,23,39,67,105,147,196,253,313,371,424,482,43,79,117,184,268,356,456,536,611,696,800,913,1030,1144,1261,63,130,201,292,401,522,623,684,756,829,923,1021,1133,1251,1362,5,9,11,37,86,180,270,325,381,438,524,630,756,885,1007,-37,-90,-122,-133,-126,-57,1,68,133,185,273,397,536,689,837,-47,-136,-195,-232,-268,-234,-190,-134,-74,-15,73,206,344,497,663,-72,-183,-247,-292,-331,-322,-304,-270,-228,-182,-107,20,150,295,454,-6,-7,7,26,42,70,108,150,199,256,316,374,427,485,36,74,141,225,313,413,493,568,653,757,870,987,1101,1218,67,138,229,338,459,560,621,693,766,860,958,1070,1188,1299,4,6,32,81,175,265,320,376,433,519,625,751,880,1002,-53,-85,-96,-89,-20,38,105,170,222,310,434,573,726,874,-89,-148,-185,-221,-187,-143,-87,-27,32,120,253,391,544,710,-111,-175,-220,-259,-250,-232,-198,-156,-110,-35,92,222,367,526,-1,13,32,48,76,114,156,205,262,322,380,433,491,38,105,189,277,377,457,532,617,721,834,951,1065,1182,71,162,271,392,493,554,626,699,793,891,1003,1121,1232,2,28,77,171,261,316,372,429,515,621,747,876,998,-32,-43,-36,33,91,158,223,275,363,487,626,779,927,-59,-96,-132,-98,-54,2,62,121,209,342,480,633,799,-64,-109,-148,-139,-121,-87,-45,1,76,203,333,478,637,14,33,49,77,115,157,206,263,323,381,434,492,67,151,239,339,419,494,579,683,796,913,1027,1144,91,200,321,422,483,555,628,722,820,932,1050,1161,26,75,169,259,314,370,427,513,619,745,874,996,-11,-4,65,123,190,255,307,395,519,658,811,959,-37,-73,-39,5,61,121,180,268,401,539,692,858,-45,-84,-75,-57,-23,19,65,140,267,397,542,701,19,35,63,101,143,192,249,309,367,420,478,84,172,272,352,427,512,616,729,846,960,1077,109,230,331,392,464,537,631,729,841,959,1070,49,143,233,288,344,401,487,593,719,848,970,7,76,134,201,266,318,406,530,669,822,970,-36,-2,42,98,158,217,305,438,576,729,895,-39,-30,-12,22,64,110,185,312,442,587,746,16,44,82,124,173,230,290,348,401,459,88,188,268,343,428,532,645,762,876,993,121,222,283,355,428,522,620,732,850,961,94,184,239,295,352,438,544,670,799,921,69,127,194,259,311,399,523,662,815,963,34,78,134,194,253,341,474,612,765,931,9,27,61,103,149,224,351,481,626,785,28,66,108,157,214,274,332,385,443,100,180,255,340,444,557,674,788,905,101,162,234,307,401,499,611,729,840,90,145,201,258,344,450,576,705,827,58,125,190,242,330,454,593,746,894,44,100,160,219,307,440,578,731,897,18,52,94,140,215,342,472,617,776,38,80,129,186,246,304,357,415,80,155,240,344,457,574,688,805,61,133,206,300,398,510,628,739,55,111,168,254,360,486,615,737,67,132,184,272,396,535,688,836,56,116,175,263,396,534,687,853,34,76,122,197,324,454,599,758,42,91,148,208,266,319,377,75,160,264,377,494,608,725,72,145,239,337,449,567,678,56,113,199,305,431,560,682,65,117,205,329,468,621,769,60,119,207,340,478,631,797,42,88,163,290,420,565,724,49,106,166,224,277,335,85,189,302,419,533,650,73,167,265,377,495,606,57,143,249,375,504,626,52,140,264,403,556,704,59,147,280,418,571,737,46,121,248,378,523,682,57,117,175,228,286,104,217,334,448,565,94,192,304,422,533,86,192,318,447,569,88,212,351,504,652,88,221,359,512,678,75,202,332,477,636,60,118,171,229,113,230,344,461,98,210,328,439,106,232,361,483,124,263,416,564,133,271,424,590,127,257,402,561,58,111,169,117,231,348,112,230,341,126,255,377,139,292,440,138,291,457,130,275,434,53,111,114,231,118,229,129,251,153,301,153,319,145,304,58,117,111,122,148,166,159,5,22,56,77,90,99,119,148,180,214,235,248,264,287,315,344,370,397,-6,-42,-19,18,64,111,156,204,255,289,297,315,329,347,361,385,420,449,33,-4,-20,-1,22,40,66,106,175,215,216,220,219,230,247,276,310,334,44,34,-13,-63,-109,-150,-192,-227,-213,-201,-185,-181,-188,-177,-142,-91,-27,26,29,58,40,-25,-118,-187,-256,-331,-347,-363,-354,-343,-346,-333,-289,-237,-166,-88,-21,-27,-60,-112,-208,-269,-334,-414,-455,-497,-513,-518,-528,-526,-485,-445,-389,-322,-105,-213,-335,-411,-512,-567,-626,-663,-652,-671,-695,-719,-745,-757,-736,-723,-694,-646,17,51,72,85,94,114,143,175,209,230,243,259,282,310,339,365,392,-36,-13,24,70,117,162,210,261,295,303,321,335,353,367,391,426,455,-37,-53,-34,-11,7,33,73,142,182,183,187,186,197,214,243,277,301,-10,-57,-107,-153,-194,-236,-271,-257,-245,-229,-225,-232,-221,-186,-135,-71,-18,29,11,-54,-147,-216,-285,-360,-376,-392,-383,-372,-375,-362,-318,-266,-195,-117,-6,-39,-91,-187,-248,-313,-393,-434,-476,-492,-497,-507,-505,-464,-424,-368,-301,-108,-230,-306,-407,-462,-521,-558,-547,-566,-590,-614,-640,-652,-631,-618,-589,-541,34,55,68,77,97,126,158,192,213,226,242,265,293,322,348,375,23,60,106,153,198,246,297,331,339,357,371,389,403,427,462,491,-16,3,26,44,70,110,179,219,220,224,223,234,251,280,314,338,-47,-97,-143,-184,-226,-261,-247,-235,-219,-215,-222,-211,-176,-125,-61,-8,-18,-83,-176,-245,-314,-389,-405,-421,-412,-401,-404,-391,-347,-295,-224,-146,-33,-85,-181,-242,-307,-387,-428,-470,-486,-491,-501,-499,-458,-418,-362,-295,-122,-198,-299,-354,-413,-450,-439,-458,-482,-506,-532,-544,-523,-510,-481,-433,21,34,43,63,92,124,158,179,192,208,231,259,288,314,341,37,83,130,175,223,274,308,316,334,348,366,380,404,439,468,19,42,60,86,126,195,235,236,240,239,250,267,296,330,354,-50,-96,-137,-179,-214,-200,-188,-172,-168,-175,-164,-129,-78,-14,39,-65,-158,-227,-296,-371,-387,-403,-394,-383,-386,-373,-329,-277,-206,-128,-52,-148,-209,-274,-354,-395,-437,-453,-458,-468,-466,-425,-385,-329,-262,-76,-177,-232,-291,-328,-317,-336,-360,-384,-410,-422,-401,-388,-359,-311,13,22,42,71,103,137,158,171,187,210,238,267,293,320,46,93,138,186,237,271,279,297,311,329,343,367,402,431,23,41,67,107,176,216,217,221,220,231,248,277,311,335,-46,-87,-129,-164,-150,-138,-122,-118,-125,-114,-79,-28,36,89,-93,-162,-231,-306,-322,-338,-329,-318,-321,-308,-264,-212,-141,-63,-96,-157,-222,-302,-343,-385,-401,-406,-416,-414,-373,-333,-277,-210,-101,-156,-215,-252,-241,-260,-284,-308,-334,-346,-325,-312,-283,-235,9,29,58,90,124,145,158,174,197,225,254,280,307,47,92,140,191,225,233,251,265,283,297,321,356,385,18,44,84,153,193,194,198,197,208,225,254,288,312,-41,-83,-118,-104,-92,-76,-72,-79,-68,-33,18,82,135,-69,-138,-213,-229,-245,-236,-225,-228,-215,-171,-119,-48,30,-61,-126,-206,-247,-289,-305,-310,-320,-318,-277,-237,-181,-114,-55,-114,-151,-140,-159,-183,-207,-233,-245,-224,-211,-182,-134,20,49,81,115,136,149,165,188,216,245,271,298,45,93,144,178,186,204,218,236,250,274,309,338,26,66,135,175,176,180,179,190,207,236,270,294,-42,-77,-63,-51,-35,-31,-38,-27,8,59,123,176,-69,-144,-160,-176,-167,-156,-159,-146,-102,-50,21,99,-65,-145,-186,-228,-244,-249,-259,-257,-216,-176,-120,-53,-59,-96,-85,-104,-128,-152,-178,-190,-169,-156,-127,-79,29,61,95,116,129,145,168,196,225,251,278,48,99,133,141,159,173,191,205,229,264,293,40,109,149,150,154,153,164,181,210,244,268,-35,-21,-9,7,11,4,15,50,101,165,218,-75,-91,-107,-98,-87,-90,-77,-33,19,90,168,-80,-121,-163,-179,-184,-194,-192,-151,-111,-55,12,-37,-26,-45,-69,-93,-119,-131,-110,-97,-68,-20,32,66,87,100,116,139,167,196,222,249,51,85,93,111,125,143,157,181,216,245,69,109,110,114,113,124,141,170,204,228,14,26,42,46,39,50,85,136,200,253,-16,-32,-23,-12,-15,-2,42,94,165,243,-41,-83,-99,-104,-114,-112,-71,-31,25,92,11,-8,-32,-56,-82,-94,-73,-60,-31,17,34,55,68,84,107,135,164,190,217,34,42,60,74,92,106,130,165,194,40,41,45,44,55,72,101,135,159,12,28,32,25,36,71,122,186,239,-16,-7,4,1,14,58,110,181,259,-42,-58,-63,-73,-71,-30,10,66,133,-19,-43,-67,-93,-105,-84,-71,-42,6,21,34,50,73,101,130,156,183,8,26,40,58,72,96,131,160,1,5,4,15,32,61,95,119,16,20,13,24,59,110,174,227,9,20,17,30,74,126,197,275,-16,-21,-31,-29,12,52,108,175,-24,-48,-74,-86,-65,-52,-23,25,13,29,52,80,109,135,162,18,32,50,64,88,123,152,4,3,14,31,60,94,118,4,-3,8,43,94,158,211,11,8,21,65,117,188,266,-5,-15,-13,28,68,124,191,-24,-50,-62,-41,-28,1,49,16,39,67,96,122,149,14,32,46,70,105,134,-1,10,27,56,90,114,-7,4,39,90,154,207,-3,10,54,106,177,255,-10,-8,33,73,129,196,-26,-38,-17,-4,25,73,23,51,80,106,133,18,32,56,91,120,11,28,57,91,115,11,46,97,161,214,13,57,109,180,258,2,43,83,139,206,-12,9,22,51,99,28,57,83,110,14,38,73,102,17,46,80,104,35,86,150,203,44,96,167,245,41,81,137,204,21,34,63,111,29,55,82,24,59,88,29,63,87,51,115,168,52,123,201,40,96,163,13,42,90,26,53,35,64,34,58,64,117,71,149,56,123,29,77,27,29,24,53,78,67,48,-9,-31,-35,-31,-15,6,19,26,34,38,38,45,49,50,47,48,57,62,14,-26,-50,-34,-19,-7,4,22,47,44,25,15,-1,-12,-24,-30,-35,-46,41,38,-22,-80,-130,-179,-231,-283,-291,-289,-288,-296,-308,-313,-301,-279,-255,-239,16,29,-20,-112,-213,-294,-383,-479,-534,-582,-583,-584,-601,-608,-592,-571,-531,-489,-4,19,1,-49,-148,-218,-299,-398,-468,-538,-560,-570,-590,-603,-588,-578,-556,-518,-83,-148,-234,-281,-360,-393,-424,-462,-487,-541,-577,-597,-618,-636,-627,-633,-625,-604,-22,-26,-22,-6,15,28,35,43,47,47,54,58,59,56,57,66,71,-40,-64,-48,-33,-21,-10,8,33,30,11,1,-15,-26,-38,-44,-49,-60,-3,-63,-121,-171,-220,-272,-324,-332,-330,-329,-337,-349,-354,-342,-320,-296,-280,13,-36,-128,-229,-310,-399,-495,-550,-598,-599,-600,-617,-624,-608,-587,-547,-505,23,5,-45,-144,-214,-295,-394,-464,-534,-556,-566,-586,-599,-584,-574,-552,-514,-65,-151,-198,-277,-310,-341,-379,-404,-458,-494,-514,-535,-553,-544,-550,-542,-521,-4,0,16,37,50,57,65,69,69,76,80,81,78,79,88,93,-24,-8,7,19,30,48,73,70,51,41,25,14,2,-4,-9,-20,-60,-118,-168,-217,-269,-321,-329,-327,-326,-334,-346,-351,-339,-317,-293,-277,-49,-141,-242,-323,-412,-508,-563,-611,-612,-613,-630,-637,-621,-600,-560,-518,-18,-68,-167,-237,-318,-417,-487,-557,-579,-589,-609,-622,-607,-597,-575,-537,-86,-133,-212,-245,-276,-314,-339,-393,-429,-449,-470,-488,-479,-485,-477,-456,4,20,41,54,61,69,73,73,80,84,85,82,83,92,97,16,31,43,54,72,97,94,75,65,49,38,26,20,15,4,-58,-108,-157,-209,-261,-269,-267,-266,-274,-286,-291,-279,-257,-233,-217,-92,-193,-274,-363,-459,-514,-562,-563,-564,-581,-588,-572,-551,-511,-469,-50,-149,-219,-300,-399,-469,-539,-561,-571,-591,-604,-589,-579,-557,-519,-47,-126,-159,-190,-228,-253,-307,-343,-363,-384,-402,-393,-399,-391,-370,16,37,50,57,65,69,69,76,80,81,78,79,88,93,15,27,38,56,81,78,59,49,33,22,10,4,-1,-12,-50,-99,-151,-203,-211,-209,-208,-216,-228,-233,-221,-199,-175,-159,-101,-182,-271,-367,-422,-470,-471,-472,-489,-496,-480,-459,-419,-377,-99,-169,-250,-349,-419,-489,-511,-521,-541,-554,-539,-529,-507,-469,-79,-112,-143,-181,-206,-260,-296,-316,-337,-355,-346,-352,-344,-323,21,34,41,49,53,53,60,64,65,62,63,72,77,12,23,41,66,63,44,34,18,7,-5,-11,-16,-27,-49,-101,-153,-161,-159,-158,-166,-178,-183,-171,-149,-125,-109,-81,-170,-266,-321,-369,-370,-371,-388,-395,-379,-358,-318,-276,-70,-151,-250,-320,-390,-412,-422,-442,-455,-440,-430,-408,-370,-33,-64,-102,-127,-181,-217,-237,-258,-276,-267,-273,-265,-244,13,20,28,32,32,39,43,44,41,42,51,56,11,29,54,51,32,22,6,-5,-17,-23,-28,-39,-52,-104,-112,-110,-109,-117,-129,-134,-122,-100,-76,-60,-89,-185,-240,-288,-289,-290,-307,-314,-298,-277,-237,-195,-81,-180,-250,-320,-342,-352,-372,-385,-370,-360,-338,-300,-31,-69,-94,-148,-184,-204,-225,-243,-234,-240,-232,-211,7,15,19,19,26,30,31,28,29,38,43,18,43,40,21,11,-5,-16,-28,-34,-39,-50,-52,-60,-58,-57,-65,-77,-82,-70,-48,-24,-8,-96,-151,-199,-200,-201,-218,-225,-209,-188,-148,-106,-99,-169,-239,-261,-271,-291,-304,-289,-279,-257,-219,-38,-63,-117,-153,-173,-194,-212,-203,-209,-201,-180,8,12,12,19,23,24,21,22,31,36,25,22,3,-7,-23,-34,-46,-52,-57,-68,-8,-6,-5,-13,-25,-30,-18,4,28,44,-55,-103,-104,-105,-122,-129,-113,-92,-52,-10,-70,-140,-162,-172,-192,-205,-190,-180,-158,-120,-25,-79,-115,-135,-156,-174,-165,-171,-163,-142,4,4,11,15,16,13,14,23,28,-3,-22,-32,-48,-59,-71,-77,-82,-93,2,3,-5,-17,-22,-10,12,36,52,-48,-49,-50,-67,-74,-58,-37,3,45,-70,-92,-102,-122,-135,-120,-110,-88,-50,-54,-90,-110,-131,-149,-140,-146,-138,-117,0,7,11,12,9,10,19,24,-19,-29,-45,-56,-68,-74,-79,-90,1,-7,-19,-24,-12,10,34,50,-1,-2,-19,-26,-10,11,51,93,-22,-32,-52,-65,-50,-40,-18,20,-36,-56,-77,-95,-86,-92,-84,-63,7,11,12,9,10,19,24,-10,-26,-37,-49,-55,-60,-71,-8,-20,-25,-13,9,33,49,-1,-18,-25,-9,12,52,94,-10,-30,-43,-28,-18,4,42,-20,-41,-59,-50,-56,-48,-27,4,5,2,3,12,17,-16,-27,-39,-45,-50,-61,-12,-17,-5,17,41,57,-17,-24,-8,13,53,95,-20,-33,-18,-8,14,52,-21,-39,-30,-36,-28,-7,1,-2,-1,8,13,-11,-23,-29,-34,-45,-5,7,29,53,69,-7,9,30,70,112,-13,2,12,34,72,-18,-9,-15,-7,14,-3,-2,7,12,-12,-18,-23,-34,12,34,58,74,16,37,77,119,15,25,47,85,9,3,11,32,1,10,15,-6,-11,-22,22,46,62,21,61,103,10,32,70,-6,2,23,9,14,-5,-16,24,40,40,82,22,60,8,29,5,-11,16,42,38,21,7,-2,-5,3,4,0,-1,4,7,-1,-14,-23,-33,-40,-48,-55,-64,-72,32,40,4,-22,-46,-71,-89,-102,-87,-73,-67,-72,-77,-77,-66,-54,-46,-43,25,60,21,-66,-153,-235,-321,-411,-473,-505,-498,-505,-516,-520,-505,-485,-455,-423,-4,36,36,-14,-110,-182,-261,-351,-423,-491,-501,-505,-522,-530,-516,-505,-486,-451,-44,-45,-64,-73,-130,-152,-169,-200,-227,-279,-306,-318,-330,-341,-330,-339,-341,-327,-106,-183,-297,-368,-464,-526,-585,-627,-628,-633,-666,-701,-721,-742,-739,-755,-780,-779,-9,-12,-4,-3,-7,-8,-3,0,-8,-21,-30,-40,-47,-55,-62,-71,-79,8,-28,-54,-78,-103,-121,-134,-119,-105,-99,-104,-109,-109,-98,-86,-78,-75,35,-4,-91,-178,-260,-346,-436,-498,-530,-523,-530,-541,-545,-530,-510,-480,-448,40,40,-10,-106,-178,-257,-347,-419,-487,-497,-501,-518,-526,-512,-501,-482,-447,-1,-20,-29,-86,-108,-125,-156,-183,-235,-262,-274,-286,-297,-286,-295,-297,-283,-77,-191,-262,-358,-420,-479,-521,-522,-527,-560,-595,-615,-636,-633,-649,-674,-673,-3,5,6,2,1,6,9,1,-12,-21,-31,-38,-46,-53,-62,-70,-36,-62,-86,-111,-129,-142,-127,-113,-107,-112,-117,-117,-106,-94,-86,-83,-39,-126,-213,-295,-381,-471,-533,-565,-558,-565,-576,-580,-565,-545,-515,-483,0,-50,-146,-218,-297,-387,-459,-527,-537,-541,-558,-566,-552,-541,-522,-487,-19,-28,-85,-107,-124,-155,-182,-234,-261,-273,-285,-296,-285,-294,-296,-282,-114,-185,-281,-343,-402,-444,-445,-450,-483,-518,-538,-559,-556,-572,-597,-596,8,9,5,4,9,12,4,-9,-18,-28,-35,-43,-50,-59,-67,-26,-50,-75,-93,-106,-91,-77,-71,-76,-81,-81,-70,-58,-50,-47,-87,-174,-256,-342,-432,-494,-526,-519,-526,-537,-541,-526,-506,-476,-444,-50,-146,-218,-297,-387,-459,-527,-537,-541,-558,-566,-552,-541,-522,-487,-9,-66,-88,-105,-136,-163,-215,-242,-254,-266,-277,-266,-275,-277,-263,-71,-167,-229,-288,-330,-331,-336,-369,-404,-424,-445,-442,-458,-483,-482,1,-3,-4,1,4,-4,-17,-26,-36,-43,-51,-58,-67,-75,-24,-49,-67,-80,-65,-51,-45,-50,-55,-55,-44,-32,-24,-21,-87,-169,-255,-345,-407,-439,-432,-439,-450,-454,-439,-419,-389,-357,-96,-168,-247,-337,-409,-477,-487,-491,-508,-516,-502,-491,-472,-437,-57,-79,-96,-127,-154,-206,-233,-245,-257,-268,-257,-266,-268,-254,-96,-158,-217,-259,-260,-265,-298,-333,-353,-374,-371,-387,-412,-411,-4,-5,0,3,-5,-18,-27,-37,-44,-52,-59,-68,-76,-25,-43,-56,-41,-27,-21,-26,-31,-31,-20,-8,0,3,-82,-168,-258,-320,-352,-345,-352,-363,-367,-352,-332,-302,-270,-72,-151,-241,-313,-381,-391,-395,-412,-420,-406,-395,-376,-341,-22,-39,-70,-97,-149,-176,-188,-200,-211,-200,-209,-211,-197,-62,-121,-163,-164,-169,-202,-237,-257,-278,-275,-291,-316,-315,-1,4,7,-1,-14,-23,-33,-40,-48,-55,-64,-72,-18,-31,-16,-2,4,-1,-6,-6,5,17,25,28,-86,-176,-238,-270,-263,-270,-281,-285,-270,-250,-220,-188,-79,-169,-241,-309,-319,-323,-340,-348,-334,-323,-304,-269,-17,-48,-75,-127,-154,-166,-178,-189,-178,-187,-189,-175,-59,-101,-102,-107,-140,-175,-195,-216,-213,-229,-254,-253,5,8,0,-13,-22,-32,-39,-47,-54,-63,-71,-13,2,16,22,17,12,12,23,35,43,46,-90,-152,-184,-177,-184,-195,-199,-184,-164,-134,-102,-90,-162,-230,-240,-244,-261,-269,-255,-244,-225,-190,-31,-58,-110,-137,-149,-161,-172,-161,-170,-172,-158,-42,-43,-48,-81,-116,-136,-157,-154,-170,-195,-194,3,-5,-18,-27,-37,-44,-52,-59,-68,-76,15,29,35,30,25,25,36,48,56,59,-62,-94,-87,-94,-105,-109,-94,-74,-44,-12,-72,-140,-150,-154,-171,-179,-165,-154,-135,-100,-27,-79,-106,-118,-130,-141,-130,-139,-141,-127,-1,-6,-39,-74,-94,-115,-112,-128,-153,-152,-8,-21,-30,-40,-47,-55,-62,-71,-79,14,20,15,10,10,21,33,41,44,-32,-25,-32,-43,-47,-32,-12,18,50,-68,-78,-82,-99,-107,-93,-82,-63,-28,-52,-79,-91,-103,-114,-103,-112,-114,-100,-5,-38,-73,-93,-114,-111,-127,-152,-151,-13,-22,-32,-39,-47,-54,-63,-71,6,1,-4,-4,7,19,27,30,7,0,-11,-15,0,20,50,82,-10,-14,-31,-39,-25,-14,5,40,-27,-39,-51,-62,-51,-60,-62,-48,-33,-68,-88,-109,-106,-122,-147,-146,-9,-19,-26,-34,-41,-50,-58,-5,-10,-10,1,13,21,24,-7,-18,-22,-7,13,43,75,-4,-21,-29,-15,-4,15,50,-12,-24,-35,-24,-33,-35,-21,-35,-55,-76,-73,-89,-114,-113,-10,-17,-25,-32,-41,-49,-5,-5,6,18,26,29,-11,-15,0,20,50,82,-17,-25,-11,0,19,54,-12,-23,-12,-21,-23,-9,-20,-41,-38,-54,-79,-78,-7,-15,-22,-31,-39,0,11,23,31,34,-4,11,31,61,93,-8,6,17,36,71,-11,0,-9,-11,3,-21,-18,-34,-59,-58,-8,-15,-24,-32,11,23,31,34,15,35,65,97,14,25,44,79,11,2,0,14,3,-13,-38,-37,-7,-16,-24,12,20,23,20,50,82,11,30,65,-9,-11,3,-16,-41,-40,-9,-17,8,11,30,62,19,54,-2,12,-25,-24,-8,3,32,35,14,1,9,9,-5,-9,-12,-13,-13,-12,-1,8,15,16,16,18,25,32,36,36,18,55,33,-37,-99,-159,-222,-293,-337,-341,-328,-327,-323,-319,-302,-281,-256,-229,-21,-2,-3,-55,-130,-184,-250,-325,-396,-458,-457,-453,-464,-468,-457,-447,-424,-393,-31,-8,18,36,5,4,4,-10,-26,-68,-80,-77,-79,-81,-71,-80,-81,-64,-88,-127,-175,-192,-237,-247,-245,-252,-249,-251,-275,-286,-281,-284,-268,-273,-284,-278,0,-14,-18,-21,-22,-22,-21,-10,-1,6,7,7,9,16,23,27,27,37,15,-55,-117,-177,-240,-311,-355,-359,-346,-345,-341,-337,-320,-299,-274,-247,19,18,-34,-109,-163,-229,-304,-375,-437,-436,-432,-443,-447,-436,-426,-403,-372,23,49,67,36,35,35,21,5,-37,-49,-46,-48,-50,-40,-49,-50,-33,-39,-87,-104,-149,-159,-157,-164,-161,-163,-187,-198,-193,-196,-180,-185,-196,-190,-14,-18,-21,-22,-22,-21,-10,-1,6,7,7,9,16,23,27,27,-22,-92,-154,-214,-277,-348,-392,-396,-383,-382,-378,-374,-357,-336,-311,-284,-1,-53,-128,-182,-248,-323,-394,-456,-455,-451,-462,-466,-455,-445,-422,-391,26,44,13,12,12,-2,-18,-60,-72,-69,-71,-73,-63,-72,-73,-56,-48,-65,-110,-120,-118,-125,-122,-124,-148,-159,-154,-157,-141,-146,-157,-151,-4,-7,-8,-8,-7,4,13,20,21,21,23,30,37,41,41,-70,-132,-192,-255,-326,-370,-374,-361,-360,-356,-352,-335,-314,-289,-262,-52,-127,-181,-247,-322,-393,-455,-454,-450,-461,-465,-454,-444,-421,-390,18,-13,-14,-14,-28,-44,-86,-98,-95,-97,-99,-89,-98,-99,-82,-17,-62,-72,-70,-77,-74,-76,-100,-111,-106,-109,-93,-98,-109,-103,-3,-4,-4,-3,8,17,24,25,25,27,34,41,45,45,-62,-122,-185,-256,-300,-304,-291,-290,-286,-282,-265,-244,-219,-192,-75,-129,-195,-270,-341,-403,-402,-398,-409,-413,-402,-392,-369,-338,-31,-32,-32,-46,-62,-104,-116,-113,-115,-117,-107,-116,-117,-100,-45,-55,-53,-60,-57,-59,-83,-94,-89,-92,-76,-81,-92,-86,-1,-1,0,11,20,27,28,28,30,37,44,48,48,-60,-123,-194,-238,-242,-229,-228,-224,-220,-203,-182,-157,-130,-54,-120,-195,-266,-328,-327,-323,-334,-338,-327,-317,-294,-263,-1,-1,-15,-31,-73,-85,-82,-84,-86,-76,-85,-86,-69,-10,-8,-15,-12,-14,-38,-49,-44,-47,-31,-36,-47,-41,0,1,12,21,28,29,29,31,38,45,49,49,-63,-134,-178,-182,-169,-168,-164,-160,-143,-122,-97,-70,-66,-141,-212,-274,-273,-269,-280,-284,-273,-263,-240,-209,0,-14,-30,-72,-84,-81,-83,-85,-75,-84,-85,-68,2,-5,-2,-4,-28,-39,-34,-37,-21,-26,-37,-31,1,12,21,28,29,29,31,38,45,49,49,-71,-115,-119,-106,-105,-101,-97,-80,-59,-34,-7,-75,-146,-208,-207,-203,-214,-218,-207,-197,-174,-143,-14,-30,-72,-84,-81,-83,-85,-75,-84,-85,-68,-7,-4,-6,-30,-41,-36,-39,-23,-28,-39,-33,11,20,27,28,28,30,37,44,48,48,-44,-48,-35,-34,-30,-26,-9,12,37,64,-71,-133,-132,-128,-139,-143,-132,-122,-99,-68,-16,-58,-70,-67,-69,-71,-61,-70,-71,-54,3,1,-23,-34,-29,-32,-16,-21,-32,-26,9,16,17,17,19,26,33,37,37,-4,9,10,14,18,35,56,81,108,-62,-61,-57,-68,-72,-61,-51,-28,3,-42,-54,-51,-53,-55,-45,-54,-55,-38,-2,-26,-37,-32,-35,-19,-24,-35,-29,7,8,8,10,17,24,28,28,13,14,18,22,39,60,85,112,1,5,-6,-10,1,11,34,65,-12,-9,-11,-13,-3,-12,-13,4,-24,-35,-30,-33,-17,-22,-33,-27,1,1,3,10,17,21,21,1,5,9,26,47,72,99,4,-7,-11,0,10,33,64,3,1,-1,9,0,-1,16,-11,-6,-9,7,2,-9,-3,0,2,9,16,20,20,4,8,25,46,71,98,-11,-15,-4,6,29,60,-2,-4,6,-3,-4,13,5,2,18,13,2,8,2,9,16,20,20,4,21,42,67,94,-4,7,17,40,71,-2,8,-1,-2,15,-3,13,8,-3,3,7,14,18,18,17,38,63,90,11,21,44,75,10,1,0,17,16,11,0,6,7,11,11,21,46,73,10,33,64,-9,-10,7,-5,-16,-10,4,4,25,52,23,54,-1,16,-11,-5,0,27,31,17,6,7,24,19,-7,-26,-45,-62,-82,-92,-88,-83,-81,-76,-73,-68,-63,-54,-43,-14,-4,-2,-37,-81,-119,-170,-227,-294,-344,-348,-352,-363,-370,-371,-368,-355,-337,-33,-24,13,43,32,46,60,67,60,16,3,10,5,2,0,-14,-18,-7,-51,-57,-45,-12,-18,0,28,40,52,48,20,15,23,21,28,14,-7,-11,-99,-185,-290,-335,-370,-396,-424,-435,-431,-404,-434,-476,-486,-506,-519,-542,-578,-595,17,12,-14,-33,-52,-69,-89,-99,-95,-90,-88,-83,-80,-75,-70,-61,-50,10,12,-23,-67,-105,-156,-213,-280,-330,-334,-338,-349,-356,-357,-354,-341,-323,9,46,76,65,79,93,100,93,49,36,43,38,35,33,19,15,26,-6,6,39,33,51,79,91,103,99,71,66,74,72,79,65,44,40,-86,-191,-236,-271,-297,-325,-336,-332,-305,-335,-377,-387,-407,-420,-443,-479,-496,-5,-31,-50,-69,-86,-106,-116,-112,-107,-105,-100,-97,-92,-87,-78,-67,2,-33,-77,-115,-166,-223,-290,-340,-344,-348,-359,-366,-367,-364,-351,-333,37,67,56,70,84,91,84,40,27,34,29,26,24,10,6,17,12,45,39,57,85,97,109,105,77,72,80,78,85,71,50,46,-105,-150,-185,-211,-239,-250,-246,-219,-249,-291,-301,-321,-334,-357,-393,-410,-26,-45,-64,-81,-101,-111,-107,-102,-100,-95,-92,-87,-82,-73,-62,-35,-79,-117,-168,-225,-292,-342,-346,-350,-361,-368,-369,-366,-353,-335,30,19,33,47,54,47,3,-10,-3,-8,-11,-13,-27,-31,-20,33,27,45,73,85,97,93,65,60,68,66,73,59,38,34,-45,-80,-106,-134,-145,-141,-114,-144,-186,-196,-216,-229,-252,-288,-305,-19,-38,-55,-75,-85,-81,-76,-74,-69,-66,-61,-56,-47,-36,-44,-82,-133,-190,-257,-307,-311,-315,-326,-333,-334,-331,-318,-300,-11,3,17,24,17,-27,-40,-33,-38,-41,-43,-57,-61,-50,-6,12,40,52,64,60,32,27,35,33,40,26,5,1,-35,-61,-89,-100,-96,-69,-99,-141,-151,-171,-184,-207,-243,-260,-19,-36,-56,-66,-62,-57,-55,-50,-47,-42,-37,-28,-17,-38,-89,-146,-213,-263,-267,-271,-282,-289,-290,-287,-274,-256,14,28,35,28,-16,-29,-22,-27,-30,-32,-46,-50,-39,18,46,58,70,66,38,33,41,39,46,32,11,7,-26,-54,-65,-61,-34,-64,-106,-116,-136,-149,-172,-208,-225,-17,-37,-47,-43,-38,-36,-31,-28,-23,-18,-9,2,-51,-108,-175,-225,-229,-233,-244,-251,-252,-249,-236,-218,14,21,14,-30,-43,-36,-41,-44,-46,-60,-64,-53,28,40,52,48,20,15,23,21,28,14,-7,-11,-28,-39,-35,-8,-38,-80,-90,-110,-123,-146,-182,-199,-20,-30,-26,-21,-19,-14,-11,-6,-1,8,19,-57,-124,-174,-178,-182,-193,-200,-201,-198,-185,-167,7,0,-44,-57,-50,-55,-58,-60,-74,-78,-67,12,24,20,-8,-13,-5,-7,0,-14,-35,-39,-11,-7,20,-10,-52,-62,-82,-95,-118,-154,-171,-10,-6,-1,1,6,9,14,19,28,39,-67,-117,-121,-125,-136,-143,-144,-141,-128,-110,-7,-51,-64,-57,-62,-65,-67,-81,-85,-74,12,8,-20,-25,-17,-19,-12,-26,-47,-51,4,31,1,-41,-51,-71,-84,-107,-143,-160,4,9,11,16,19,24,29,38,49,-50,-54,-58,-69,-76,-77,-74,-61,-43,-44,-57,-50,-55,-58,-60,-74,-78,-67,-4,-32,-37,-29,-31,-24,-38,-59,-63,27,-3,-45,-55,-75,-88,-111,-147,-164,5,7,12,15,20,25,34,45,-4,-8,-19,-26,-27,-24,-11,7,-13,-6,-11,-14,-16,-30,-34,-23,-28,-33,-25,-27,-20,-34,-55,-59,-30,-72,-82,-102,-115,-138,-174,-191,2,7,10,15,20,29,40,-4,-15,-22,-23,-20,-7,11,7,2,-1,-3,-17,-21,-10,-5,3,1,8,-6,-27,-31,-42,-52,-72,-85,-108,-144,-161,5,8,13,18,27,38,-11,-18,-19,-16,-3,15,-5,-8,-10,-24,-28,-17,8,6,13,-1,-22,-26,-10,-30,-43,-66,-102,-119,3,8,13,22,33,-7,-8,-5,8,26,-3,-5,-19,-23,-12,-2,5,-9,-30,-34,-20,-33,-56,-92,-109,5,10,19,30,-1,2,15,33,-2,-16,-20,-9,7,-7,-28,-32,-13,-36,-72,-89,5,14,25,3,16,34,-14,-18,-7,-14,-35,-39,-23,-59,-76,9,20,13,31,-4,7,-21,-25,-36,-53,11,18,11,-4,-17,-5,-2,0,-14,-35,-56,-85,-117,-152,-173,-177,-181,-187,-191,-191,-187,-184,-179,-34,-55,-36,-4,4,31,57,85,93,56,48,55,46,42,36,21,16,15,-22,-13,27,91,109,143,187,222,259,266,247,249,257,259,264,250,225,216,-65,-122,-178,-165,-151,-130,-98,-68,-46,-15,-42,-68,-63,-70,-71,-83,-110,-130,3,5,-9,-30,-51,-80,-112,-147,-168,-172,-176,-182,-186,-186,-182,-179,-174,-21,-2,30,38,65,91,119,127,90,82,89,80,76,70,55,50,49,9,49,113,131,165,209,244,281,288,269,271,279,281,286,272,247,238,-57,-113,-100,-86,-65,-33,-3,19,50,23,-3,2,-5,-6,-18,-45,-65,2,-12,-33,-54,-83,-115,-150,-171,-175,-179,-185,-189,-189,-185,-182,-177,19,51,59,86,112,140,148,111,103,110,101,97,91,76,71,70,40,104,122,156,200,235,272,279,260,262,270,272,277,263,238,229,-56,-43,-29,-8,24,54,76,107,80,54,59,52,51,39,12,-8,-14,-35,-56,-85,-117,-152,-173,-177,-181,-187,-191,-191,-187,-184,-179,32,40,67,93,121,129,92,84,91,82,78,72,57,52,51,64,82,116,160,195,232,239,220,222,230,232,237,223,198,189,13,27,48,80,110,132,163,136,110,115,108,107,95,68,48,-21,-42,-71,-103,-138,-159,-163,-167,-173,-177,-177,-173,-170,-165,8,35,61,89,97,60,52,59,50,46,40,25,20,19,18,52,96,131,168,175,156,158,166,168,173,159,134,125,14,35,67,97,119,150,123,97,102,95,94,82,55,35,-21,-50,-82,-117,-138,-142,-146,-152,-156,-156,-152,-149,-144,27,53,81,89,52,44,51,42,38,32,17,12,11,34,78,113,150,157,138,140,148,150,155,141,116,107,21,53,83,105,136,109,83,88,81,80,68,41,21,-29,-61,-96,-117,-121,-125,-131,-135,-135,-131,-128,-123,26,54,62,25,17,24,15,11,5,-10,-15,-16,44,79,116,123,104,106,114,116,121,107,82,73,32,62,84,115,88,62,67,60,59,47,20,0,-32,-67,-88,-92,-96,-102,-106,-106,-102,-99,-94,28,36,-1,-9,-2,-11,-15,-21,-36,-41,-42,35,72,79,60,62,70,72,77,63,38,29,30,52,83,56,30,35,28,27,15,-12,-32,-35,-56,-60,-64,-70,-74,-74,-70,-67,-62,8,-29,-37,-30,-39,-43,-49,-64,-69,-70,37,44,25,27,35,37,42,28,3,-6,22,53,26,0,5,-2,-3,-15,-42,-62,-21,-25,-29,-35,-39,-39,-35,-32,-27,-37,-45,-38,-47,-51,-57,-72,-77,-78,7,-12,-10,-2,0,5,-9,-34,-43,31,4,-22,-17,-24,-25,-37,-64,-84,-4,-8,-14,-18,-18,-14,-11,-6,-8,-1,-10,-14,-20,-35,-40,-41,-19,-17,-9,-7,-2,-16,-41,-50,-27,-53,-48,-55,-56,-68,-95,-115,-4,-10,-14,-14,-10,-7,-2,7,-2,-6,-12,-27,-32,-33,2,10,12,17,3,-22,-31,-26,-21,-28,-29,-41,-68,-88,-6,-10,-10,-6,-3,2,-9,-13,-19,-34,-39,-40,8,10,15,1,-24,-33,5,-2,-3,-15,-42,-62,-4,-4,0,3,8,-4,-10,-25,-30,-31,2,7,-7,-32,-41,-7,-8,-20,-47,-67,0,4,7,12,-6,-21,-26,-27,5,-9,-34,-43,-1,-13,-40,-60,4,7,12,-15,-20,-21,-14,-39,-48,-12,-39,-59,3,8,-5,-6,-25,-34,-27,-47,5,-1,-9,-20,-11,-24,-21,-2,15,38,62,89,102,90,89,91,87,85,79,69,67,64,-8,4,36,82,98,127,168,205,252,270,262,271,281,287,292,285,270,266,-12,-19,-34,-1,30,59,100,130,162,204,185,168,181,180,182,173,149,130,-94,-223,-369,-436,-452,-471,-492,-481,-457,-412,-427,-467,-480,-499,-515,-535,-564,-594,-13,-10,9,26,49,73,100,113,101,100,102,98,96,90,80,78,75,12,44,90,106,135,176,213,260,278,270,279,289,295,300,293,278,274,-7,-22,11,42,71,112,142,174,216,197,180,193,192,194,185,161,142,-129,-275,-342,-358,-377,-398,-387,-363,-318,-333,-373,-386,-405,-421,-441,-470,-500,3,22,39,62,86,113,126,114,113,115,111,109,103,93,91,88,32,78,94,123,164,201,248,266,258,267,277,283,288,281,266,262,-15,18,49,78,119,149,181,223,204,187,200,199,201,192,168,149,-146,-213,-229,-248,-269,-258,-234,-189,-204,-244,-257,-276,-292,-312,-341,-371,19,36,59,83,110,123,111,110,112,108,106,100,90,88,85,46,62,91,132,169,216,234,226,235,245,251,256,249,234,230,33,64,93,134,164,196,238,219,202,215,214,216,207,183,164,-67,-83,-102,-123,-112,-88,-43,-58,-98,-111,-130,-146,-166,-195,-225,17,40,64,91,104,92,91,93,89,87,81,71,69,66,16,45,86,123,170,188,180,189,199,205,210,203,188,184,31,60,101,131,163,205,186,169,182,181,183,174,150,131,-16,-35,-56,-45,-21,24,9,-31,-44,-63,-79,-99,-128,-158,23,47,74,87,75,74,76,72,70,64,54,52,49,29,70,107,154,172,164,173,183,189,194,187,172,168,29,70,100,132,174,155,138,151,150,152,143,119,100,-19,-40,-29,-5,40,25,-15,-28,-47,-63,-83,-112,-142,24,51,64,52,51,53,49,47,41,31,29,26,41,78,125,143,135,144,154,160,165,158,143,139,41,71,103,145,126,109,122,121,123,114,90,71,-21,-10,14,59,44,4,-9,-28,-44,-64,-93,-123,27,40,28,27,29,25,23,17,7,5,2,37,84,102,94,103,113,119,124,117,102,98,30,62,104,85,68,81,80,82,73,49,30,11,35,80,65,25,12,-7,-23,-43,-72,-102,13,1,0,2,-2,-4,-10,-20,-22,-25,47,65,57,66,76,82,87,80,65,61,32,74,55,38,51,50,52,43,19,0,24,69,54,14,1,-18,-34,-54,-83,-113,-12,-13,-11,-15,-17,-23,-33,-35,-38,18,10,19,29,35,40,33,18,14,42,23,6,19,18,20,11,-13,-32,45,30,-10,-23,-42,-58,-78,-107,-137,-1,1,-3,-5,-11,-21,-23,-26,-8,1,11,17,22,15,0,-4,-19,-36,-23,-24,-22,-31,-55,-74,-15,-55,-68,-87,-103,-123,-152,-182,2,-2,-4,-10,-20,-22,-25,9,19,25,30,23,8,4,-17,-4,-5,-3,-12,-36,-55,-40,-53,-72,-88,-108,-137,-167,-4,-6,-12,-22,-24,-27,10,16,21,14,-1,-5,13,12,14,5,-19,-38,-13,-32,-48,-68,-97,-127,-2,-8,-18,-20,-23,6,11,4,-11,-15,-1,1,-8,-32,-51,-19,-35,-55,-84,-114,-6,-16,-18,-21,5,-2,-17,-21,2,-7,-31,-50,-16,-36,-65,-95,-10,-12,-15,-7,-22,-26,-9,-33,-52,-20,-49,-79,-2,-5,-15,-19,-24,-43,-29,-59,-3,-4,-19,-30,-7,-5,6,14,9,11,18,24,41,49,47,54,59,63,69,70,66,66,19,47,57,81,96,101,112,113,125,161,152,140,152,154,159,159,143,135,-58,-138,-238,-287,-294,-306,-313,-313,-316,-284,-295,-321,-320,-327,-326,-326,-334,-351,2,13,21,16,18,25,31,48,56,54,61,66,70,76,77,73,73,28,38,62,77,82,93,94,106,142,133,121,133,135,140,140,124,116,-80,-180,-229,-236,-248,-255,-255,-258,-226,-237,-263,-262,-269,-268,-268,-276,-293,11,19,14,16,23,29,46,54,52,59,64,68,74,75,71,71,10,34,49,54,65,66,78,114,105,93,105,107,112,112,96,88,-100,-149,-156,-168,-175,-175,-178,-146,-157,-183,-182,-189,-188,-188,-196,-213,8,3,5,12,18,35,43,41,48,53,57,63,64,60,60,24,39,44,55,56,68,104,95,83,95,97,102,102,86,78,-49,-56,-68,-75,-75,-78,-46,-57,-83,-82,-89,-88,-88,-96,-113,-5,-3,4,10,27,35,33,40,45,49,55,56,52,52,15,20,31,32,44,80,71,59,71,73,78,78,62,54,-7,-19,-26,-26,-29,3,-8,-34,-33,-40,-39,-39,-47,-64,2,9,15,32,40,38,45,50,54,60,61,57,57,5,16,17,29,65,56,44,56,58,63,63,47,39,-12,-19,-19,-22,10,-1,-27,-26,-33,-32,-32,-40,-57,7,13,30,38,36,43,48,52,58,59,55,55,11,12,24,60,51,39,51,53,58,58,42,34,-7,-7,-10,22,11,-15,-14,-21,-20,-20,-28,-45,6,23,31,29,36,41,45,51,52,48,48,1,13,49,40,28,40,42,47,47,31,23,0,-3,29,18,-8,-7,-14,-13,-13,-21,-38,17,25,23,30,35,39,45,46,42,42,12,48,39,27,39,41,46,46,30,22,-3,29,18,-8,-7,-14,-13,-13,-21,-38,8,6,13,18,22,28,29,25,25,36,27,15,27,29,34,34,18,10,32,21,-5,-4,-11,-10,-10,-18,-35,-2,5,10,14,20,21,17,17,-9,-21,-9,-7,-2,-2,-18,-26,-11,-37,-36,-43,-42,-42,-50,-67,7,12,16,22,23,19,19,-12,0,2,7,7,-9,-17,-26,-25,-32,-31,-31,-39,-56,5,9,15,16,12,12,12,14,19,19,3,-5,1,-6,-5,-5,-13,-30,4,10,11,7,7,2,7,7,-9,-17,-7,-6,-6,-14,-31,6,7,3,3,5,5,-11,-19,1,1,-7,-24,1,-3,-3,0,-16,-24,0,-8,-25,-4,-4,-16,-24,-8,-25,0,-8,-17,17,38,45,56,65,67,70,68,68,82,79,72,76,76,75,76,71,70,-21,-61,-115,-139,-133,-135,-138,-143,-158,-148,-156,-175,-176,-183,-185,-188,-192,-206,-87,-217,-372,-484,-529,-577,-638,-660,-673,-660,-662,-694,-719,-740,-762,-770,-775,-788,21,28,39,48,50,53,51,51,65,62,55,59,59,58,59,54,53,-40,-94,-118,-112,-114,-117,-122,-137,-127,-135,-154,-155,-162,-164,-167,-171,-185,-130,-285,-397,-442,-490,-551,-573,-586,-573,-575,-607,-632,-653,-675,-683,-688,-701,7,18,27,29,32,30,30,44,41,34,38,38,37,38,33,32,-54,-78,-72,-74,-77,-82,-97,-87,-95,-114,-115,-122,-124,-127,-131,-145,-155,-267,-312,-360,-421,-443,-456,-443,-445,-477,-502,-523,-545,-553,-558,-571,11,20,22,25,23,23,37,34,27,31,31,30,31,26,25,-24,-18,-20,-23,-28,-43,-33,-41,-60,-61,-68,-70,-73,-77,-91,-112,-157,-205,-266,-288,-301,-288,-290,-322,-347,-368,-390,-398,-403,-416,9,11,14,12,12,26,23,16,20,20,19,20,15,14,6,4,1,-4,-19,-9,-17,-36,-37,-44,-46,-49,-53,-67,-45,-93,-154,-176,-189,-176,-178,-210,-235,-256,-278,-286,-291,-304,2,5,3,3,17,14,7,11,11,10,11,6,5,-2,-5,-10,-25,-15,-23,-42,-43,-50,-52,-55,-59,-73,-48,-109,-131,-144,-131,-133,-165,-190,-211,-233,-241,-246,-259,3,1,1,15,12,5,9,9,8,9,4,3,-3,-8,-23,-13,-21,-40,-41,-48,-50,-53,-57,-71,-61,-83,-96,-83,-85,-117,-142,-163,-185,-193,-198,-211,-2,-2,12,9,2,6,6,5,6,1,0,-5,-20,-10,-18,-37,-38,-45,-47,-50,-54,-68,-22,-35,-22,-24,-56,-81,-102,-124,-132,-137,-150,0,14,11,4,8,8,7,8,3,2,-15,-5,-13,-32,-33,-40,-42,-45,-49,-63,-13,0,-2,-34,-59,-80,-102,-110,-115,-128,14,11,4,8,8,7,8,3,2,10,2,-17,-18,-25,-27,-30,-34,-48,13,11,-21,-46,-67,-89,-97,-102,-115,-3,-10,-6,-6,-7,-6,-11,-12,-8,-27,-28,-35,-37,-40,-44,-58,-2,-34,-59,-80,-102,-110,-115,-128,-7,-3,-3,-4,-3,-8,-9,-19,-20,-27,-29,-32,-36,-50,-32,-57,-78,-100,-108,-113,-126,4,4,3,4,-1,-2,-1,-8,-10,-13,-17,-31,-25,-46,-68,-76,-81,-94,0,-1,0,-5,-6,-7,-9,-12,-16,-30,-21,-43,-51,-56,-69,-1,0,-5,-6,-2,-5,-9,-23,-22,-30,-35,-48,1,-4,-5,-3,-7,-21,-8,-13,-26,-5,-6,-4,-18,-5,-18,-1,-14,-13,-8,-24,-39,-45,-43,-44,-46,-47,-52,-52,-53,-58,-59,-61,-60,-63,-65,-71,-69,-161,-256,-323,-347,-363,-379,-379,-389,-393,-394,-403,-413,-420,-425,-422,-412,-415,-16,-31,-37,-35,-36,-38,-39,-44,-44,-45,-50,-51,-53,-52,-55,-57,-63,-92,-187,-254,-278,-294,-310,-310,-320,-324,-325,-334,-344,-351,-356,-353,-343,-346,-15,-21,-19,-20,-22,-23,-28,-28,-29,-34,-35,-37,-36,-39,-41,-47,-95,-162,-186,-202,-218,-218,-228,-232,-233,-242,-252,-259,-264,-261,-251,-254,-6,-4,-5,-7,-8,-13,-13,-14,-19,-20,-22,-21,-24,-26,-32,-67,-91,-107,-123,-123,-133,-137,-138,-147,-157,-164,-169,-166,-156,-159,2,1,-1,-2,-7,-7,-8,-13,-14,-16,-15,-18,-20,-26,-24,-40,-56,-56,-66,-70,-71,-80,-90,-97,-102,-99,-89,-92,-1,-3,-4,-9,-9,-10,-15,-16,-18,-17,-20,-22,-28,-16,-32,-32,-42,-46,-47,-56,-66,-73,-78,-75,-65,-68,-2,-3,-8,-8,-9,-14,-15,-17,-16,-19,-21,-27,-16,-16,-26,-30,-31,-40,-50,-57,-62,-59,-49,-52,-1,-6,-6,-7,-12,-13,-15,-14,-17,-19,-25,0,-10,-14,-15,-24,-34,-41,-46,-43,-33,-36,-5,-5,-6,-11,-12,-14,-13,-16,-18,-24,-10,-14,-15,-24,-34,-41,-46,-43,-33,-36,0,-1,-6,-7,-9,-8,-11,-13,-19,-4,-5,-14,-24,-31,-36,-33,-23,-26,-1,-6,-7,-9,-8,-11,-13,-19,-1,-10,-20,-27,-32,-29,-19,-22,-5,-6,-8,-7,-10,-12,-18,-9,-19,-26,-31,-28,-18,-21,-1,-3,-2,-5,-7,-13,-10,-17,-22,-19,-9,-12,-2,-1,-4,-6,-12,-7,-12,-9,1,-2,1,-2,-4,-10,-5,-2,8,5,-3,-5,-11,3,13,10,-2,-8,10,7,-6,-3,-22,-51,-82,-105,-112,-114,-116,-117,-122,-126,-129,-131,-134,-137,-140,-138,-133,-134,-44,-105,-175,-240,-284,-328,-384,-400,-393,-386,-377,-388,-409,-420,-437,-444,-450,-448,-29,-60,-83,-90,-92,-94,-95,-100,-104,-107,-109,-112,-115,-118,-116,-111,-112,-61,-131,-196,-240,-284,-340,-356,-349,-342,-333,-344,-365,-376,-393,-400,-406,-404,-31,-54,-61,-63,-65,-66,-71,-75,-78,-80,-83,-86,-89,-87,-82,-83,-70,-135,-179,-223,-279,-295,-288,-281,-272,-283,-304,-315,-332,-339,-345,-343,-23,-30,-32,-34,-35,-40,-44,-47,-49,-52,-55,-58,-56,-51,-52,-65,-109,-153,-209,-225,-218,-211,-202,-213,-234,-245,-262,-269,-275,-273,-7,-9,-11,-12,-17,-21,-24,-26,-29,-32,-35,-33,-28,-29,-44,-88,-144,-160,-153,-146,-137,-148,-169,-180,-197,-204,-210,-208,-2,-4,-5,-10,-14,-17,-19,-22,-25,-28,-26,-21,-22,-44,-100,-116,-109,-102,-93,-104,-125,-136,-153,-160,-166,-164,-2,-3,-8,-12,-15,-17,-20,-23,-26,-24,-19,-20,-56,-72,-65,-58,-49,-60,-81,-92,-109,-116,-122,-120,-1,-6,-10,-13,-15,-18,-21,-24,-22,-17,-18,-16,-9,-2,7,-4,-25,-36,-53,-60,-66,-64,-5,-9,-12,-14,-17,-20,-23,-21,-16,-17,7,14,23,12,-9,-20,-37,-44,-50,-48,-4,-7,-9,-12,-15,-18,-16,-11,-12,7,16,5,-16,-27,-44,-51,-57,-55,-3,-5,-8,-11,-14,-12,-7,-8,9,-2,-23,-34,-51,-58,-64,-62,-2,-5,-8,-11,-9,-4,-5,-11,-32,-43,-60,-67,-73,-71,-3,-6,-9,-7,-2,-3,-21,-32,-49,-56,-62,-60,-3,-6,-4,1,0,-11,-28,-35,-41,-39,-3,-1,4,3,-17,-24,-30,-28,2,7,6,-7,-13,-11,5,4,-6,-4,-1,2,-17,-35,-53,-68,-80,-91,-101,-98,-93,-89,-83,-83,-86,-85,-85,-83,-81,-76,-18,-36,-51,-63,-74,-84,-81,-76,-72,-66,-66,-69,-68,-68,-66,-64,-59,-18,-33,-45,-56,-66,-63,-58,-54,-48,-48,-51,-50,-50,-48,-46,-41,-15,-27,-38,-48,-45,-40,-36,-30,-30,-33,-32,-32,-30,-28,-23,-12,-23,-33,-30,-25,-21,-15,-15,-18,-17,-17,-15,-13,-8,-11,-21,-18,-13,-9,-3,-3,-6,-5,-5,-3,-1,4,-10,-7,-2,2,8,8,5,6,6,8,10,15,3,8,12,18,18,15,16,16,18,20,25,5,9,15,15,12,13,13,15,17,22,4,10,10,7,8,8,10,12,17,6,6,3,4,4,6,8,13,0,-3,-2,-2,0,2,7,-3,-2,-2,0,2,7,1,1,3,5,10,0,2,4,9,2,4,9,2,7,5,12,16,13,1,-12,-32,-66,-87,-85,-82,-82,-91,-103,-113,-127,-140,-155,-162,4,1,-11,-24,-44,-78,-99,-97,-94,-94,-103,-115,-125,-139,-152,-167,-174,-3,-15,-28,-48,-82,-103,-101,-98,-98,-107,-119,-129,-143,-156,-171,-178,-12,-25,-45,-79,-100,-98,-95,-95,-104,-116,-126,-140,-153,-168,-175,-13,-33,-67,-88,-86,-83,-83,-92,-104,-114,-128,-141,-156,-163,-20,-54,-75,-73,-70,-70,-79,-91,-101,-115,-128,-143,-150,-34,-55,-53,-50,-50,-59,-71,-81,-95,-108,-123,-130,-21,-19,-16,-16,-25,-37,-47,-61,-74,-89,-96,2,5,5,-4,-16,-26,-40,-53,-68,-75,3,3,-6,-18,-28,-42,-55,-70,-77,0,-9,-21,-31,-45,-58,-73,-80,-9,-21,-31,-45,-58,-73,-80,-12,-22,-36,-49,-64,-71,-10,-24,-37,-52,-59,-14,-27,-42,-49,-13,-28,-35,-15,-22,-7,10,35,73,119,105,-7,-141,-275,-390,0,53,128,198,235,135,-39,-258,-488,-17,5,98,198,275,260,160,-6,-210,-13,-36,-7,119,251,285,226,125,-5,-17,4,28,141,272,273,177,61,-74,-33,11,76,169,259,211,79,-51,-180,-36,-13,48,109,178,116,-31,-159,-280,-23,-44,10,51,106,44,-103,-204,-294,-1,-48,-25,-13,2,-70,-219,-305,-346,11,3,23,-9,-66,-193,-386,-507,-539,15,64,127,84,-31,-247,-532,-756,-857,21,79,151,84,-56,-316,-639,-896,-1035,18,70,176,88,-112,-417,-773,-1058,-1197,11,81,224,136,-120,-456,-843,-1160,-1293,12,89,238,141,-162,-525,-944,-1293,-1422,20,100,202,53,-302,-691,-1140,-1522,-1661,29,109,151,-73,-513,-956,-1453,-1864,-2010,46,149,158,-110,-666,-1194,-1785,-2240,-2367,9,29,72,93,7,-124,-254,-371,16,67,125,183,132,-18,-216,-451,-1,60,140,223,234,160,31,-171,-10,-9,76,205,272,222,142,10,11,13,84,212,267,178,68,-73,15,52,122,214,220,103,-30,-171,1,45,88,161,156,26,-114,-249,-19,17,54,102,99,-27,-149,-256,-25,-18,6,11,-8,-131,-242,-310,-9,4,-1,-47,-129,-290,-438,-501,8,66,54,-18,-180,-427,-672,-807,9,82,54,-50,-233,-516,-796,-965,1,108,71,-98,-304,-621,-934,-1100,7,142,113,-101,-337,-679,-1028,-1187,12,149,119,-130,-397,-762,-1148,-1305,19,126,53,-239,-534,-921,-1340,-1512,26,94,-31,-398,-753,-1179,-1626,-1807,40,88,-59,-508,-966,-1478,-1971,-2129,7,31,65,27,-99,-225,-341,-404,21,54,106,113,-7,-185,-412,-592,24,69,143,182,135,27,-149,-331,-3,32,144,234,210,127,16,-110,-1,25,130,225,172,46,-86,-211,14,51,126,178,102,-48,-194,-303,21,40,97,136,56,-109,-251,-350,17,37,74,97,33,-120,-237,-325,3,20,30,15,-41,-182,-266,-329,10,10,-8,-93,-182,-359,-440,-490,33,30,3,-138,-310,-577,-729,-816,40,32,-21,-173,-381,-678,-859,-1002,50,56,-46,-230,-465,-789,-972,-1151,56,87,-47,-273,-519,-878,-1063,-1244,53,96,-63,-328,-583,-976,-1171,-1346,42,60,-135,-434,-697,-1120,-1334,-1515,28,14,-234,-598,-895,-1340,-1565,-1751,23,-14,-286,-760,-1150,-1637,-1842,-2005,6,37,34,-66,-189,-301,-366,9,49,77,6,-148,-354,-539,13,67,112,91,9,-130,-310,7,78,165,174,100,10,-118,4,67,159,160,41,-85,-216,9,61,115,93,-42,-191,-312,2,41,84,61,-87,-241,-354,2,35,51,46,-86,-224,-329,1,23,-2,-5,-120,-229,-319,-7,2,-72,-116,-261,-369,-450,-8,-4,-102,-220,-449,-622,-743,-7,-21,-137,-268,-525,-729,-902,7,-44,-197,-333,-618,-829,-1035,23,-52,-236,-382,-696,-913,-1120,31,-61,-272,-431,-770,-1002,-1205,23,-96,-332,-501,-862,-1113,-1327,12,-137,-428,-637,-1011,-1272,-1493,2,-149,-516,-836,-1244,-1487,-1681,12,22,-30,-148,-256,-320,-339,15,37,24,-100,-286,-463,-577,19,55,62,7,-111,-265,-413,21,91,123,75,-18,-125,-209,18,87,128,45,-97,-219,-274,19,56,80,-14,-180,-306,-343,15,42,63,-35,-214,-334,-367,16,21,42,-28,-197,-312,-350,15,-5,-4,-52,-191,-297,-330,14,-32,-79,-152,-289,-388,-426,13,-40,-137,-291,-486,-624,-683,6,-59,-159,-341,-562,-747,-824,-8,-94,-208,-411,-633,-856,-951,-15,-119,-255,-473,-700,-933,-1046,-19,-140,-297,-526,-765,-1006,-1131,-28,-167,-340,-577,-832,-1088,-1235,-38,-210,-428,-673,-932,-1197,-1361,-41,-231,-567,-853,-1090,-1331,-1490,7,-10,-102,-207,-267,-288,10,18,-57,-219,-375,-494,16,29,0,-92,-209,-355,29,58,43,-41,-127,-213,27,65,36,-99,-215,-276,14,40,0,-151,-280,-329,9,34,-7,-169,-301,-348,1,15,4,-144,-280,-335,-8,-17,-12,-125,-256,-316,-19,-55,-83,-188,-314,-383,-22,-76,-176,-333,-492,-585,-26,-90,-195,-376,-584,-691,-35,-118,-222,-405,-656,-778,-45,-139,-257,-439,-704,-843,-54,-157,-290,-475,-753,-906,-63,-173,-316,-509,-802,-982,-73,-218,-375,-563,-864,-1063,-69,-298,-514,-672,-951,-1141,-4,-48,-148,-204,-224,-235,2,-15,-147,-283,-394,-476,4,3,-62,-158,-278,-408,12,20,-38,-127,-192,-252,15,26,-73,-205,-257,-274,9,15,-95,-241,-295,-296,9,12,-100,-257,-311,-296,3,18,-68,-235,-300,-270,-4,5,-41,-202,-278,-235,-8,-39,-72,-227,-314,-274,-9,-88,-170,-351,-461,-440,-13,-87,-193,-418,-537,-526,-16,-98,-199,-461,-600,-581,-14,-122,-208,-483,-648,-629,-13,-144,-219,-504,-695,-678,-13,-160,-229,-526,-748,-741,-26,-192,-251,-550,-793,-803,-52,-284,-320,-593,-830,-853,-9,-83,-136,-152,-165,4,-79,-191,-281,-368,5,-34,-104,-187,-315,5,-20,-100,-144,-206,8,-37,-162,-208,-231,8,-48,-179,-236,-249,7,-48,-188,-254,-253,8,-19,-165,-251,-238,-1,6,-129,-230,-214,-20,-8,-131,-245,-236,-36,-64,-207,-338,-351,-38,-67,-252,-394,-413,-51,-53,-276,-443,-451,-66,-52,-282,-479,-486,-77,-56,-287,-515,-526,-84,-59,-294,-553,-579,-93,-64,-292,-571,-616,-125,-91,-285,-560,-614,-26,-74,-86,-98,-107,-25,-107,-177,-256,-310,-11,-54,-116,-218,-312,-2,-56,-103,-144,-176,-5,-94,-156,-170,-153,-10,-100,-174,-192,-147,-11,-101,-192,-198,-131,-1,-85,-202,-199,-113,11,-57,-188,-188,-87,9,-42,-185,-194,-88,-7,-75,-228,-258,-167,2,-108,-267,-298,-225,20,-121,-299,-324,-255,24,-110,-317,-350,-271,23,-98,-333,-382,-287,21,-90,-353,-421,-320,20,-79,-356,-445,-351,18,-54,-323,-424,-339,-22,-31,-39,-50,-33,-79,-137,-196,-17,-53,-118,-210,-21,-59,-79,-113,-35,-90,-98,-87,-36,-95,-116,-83,-33,-107,-125,-72,-25,-121,-139,-70,-15,-120,-145,-71,-6,-117,-153,-78,-14,-129,-180,-123,-33,-152,-206,-163,-42,-181,-234,-192,-34,-196,-261,-208,-25,-206,-292,-225,-17,-218,-323,-255,-11,-217,-342,-283,-2,-192,-331,-277,-4,-8,-18,-23,-16,-54,-105,-139,-9,-53,-119,-197,-12,-35,-48,-90,-19,-43,-23,-26,-18,-56,-28,1,-24,-67,-21,28,-34,-83,-24,48,-38,-93,-35,60,-39,-104,-47,57,-40,-113,-73,24,-44,-115,-84,7,-57,-121,-96,1,-66,-141,-114,-5,-71,-164,-135,-10,-77,-186,-160,-29,-77,-200,-185,-53,-68,-201,-194,-59,-1,-7,-14,-14,-44,-83,-18,-47,-123,-14,-6,-50,-17,9,0,-23,2,19,-26,8,43,-28,10,65,-29,4,72,-33,-3,70,-35,-16,47,-31,-23,38,-25,-28,42,-30,-35,48,-39,-47,50,-47,-58,40,-52,-73,24,-54,-85,19,-2,-8,-9,-10,-41,-55,-8,-58,-110,5,-18,-56,10,10,-5,8,20,31,9,37,54,7,52,76,3,55,96,1,56,104,-3,43,90,-9,40,79,-14,39,86,-15,42,101,-15,44,125,-15,41,134,-19,34,132,-25,32,129,-2,-5,-10,-29,-13,-63,-2,-42,6,-15,9,8,16,19,24,31,27,41,28,45,25,38,26,35,25,45,25,58,22,75,19,79,17,80,19,85,-2,1,-11,-3,-24,-28,-19,-19,-12,-3,-6,17,-4,21,-3,27,-2,43,-1,49,-4,51,-3,42,3,44,7,52,15,66,18,75,19,79,19,78,1,3,-2,-2,3,11,11,13,18,19,21,15,14,19,23,24,25,28,1,2,0,4,3,1,3,4,9,12,13,15,13,7,5,9,10,3,-10,18,55,79,130,142,102,17,-98,-27,-30,25,79,170,267,301,269,180,-23,-71,-80,0,146,292,367,400,385,-27,-31,-45,22,167,280,318,336,316,-43,-24,3,50,154,218,220,224,210,-46,-48,-25,-10,73,123,110,116,110,-33,-79,-63,-68,1,51,38,71,96,-11,-83,-98,-132,-103,-63,-78,-30,44,1,-32,-50,-128,-171,-186,-245,-232,-149,5,29,54,-35,-136,-240,-391,-481,-467,11,44,78,-35,-161,-309,-498,-621,-645,8,35,103,-31,-217,-410,-632,-783,-807,1,46,151,17,-225,-449,-702,-885,-903,2,54,165,22,-267,-518,-803,-1018,-1032,10,65,129,-66,-407,-684,-999,-1247,-1271,19,74,78,-192,-618,-949,-1312,-1589,-1620,36,114,85,-229,-771,-1187,-1644,-1965,-1977,7,38,53,90,125,106,38,-80,-10,31,68,130,227,284,285,200,-19,-38,4,112,265,346,396,381,2,-16,12,119,260,302,322,298,6,23,50,121,213,227,224,200,-8,16,16,68,149,150,140,122,-28,-12,-18,9,92,97,105,115,-34,-47,-66,-82,-15,-7,12,61,-18,-25,-73,-140,-136,-166,-184,-130,-1,37,-18,-111,-187,-303,-418,-436,0,53,-18,-143,-240,-392,-542,-594,-8,79,-1,-191,-311,-497,-680,-729,-2,113,41,-194,-344,-555,-774,-816,3,120,47,-223,-404,-638,-894,-934,10,97,-19,-332,-541,-797,-1086,-1141,17,65,-103,-491,-760,-1055,-1372,-1436,31,59,-131,-601,-973,-1354,-1717,-1758,14,23,41,86,92,40,-71,-188,17,38,78,155,234,252,192,73,-10,1,79,207,309,352,357,294,-8,-6,65,198,271,271,255,193,7,20,61,151,201,177,147,101,14,9,32,109,155,116,90,54,10,6,9,70,132,105,104,79,-4,-11,-35,-12,58,43,75,75,3,-21,-73,-120,-83,-134,-99,-86,26,-1,-62,-165,-211,-352,-388,-412,33,1,-86,-200,-282,-453,-518,-598,43,25,-111,-257,-366,-564,-631,-747,49,56,-112,-300,-420,-653,-722,-840,46,65,-128,-355,-484,-751,-830,-942,35,29,-200,-461,-598,-895,-993,-1111,21,-17,-299,-625,-796,-1115,-1224,-1347,16,-45,-351,-787,-1051,-1412,-1501,-1601,3,12,43,72,41,-53,-173,7,30,78,157,198,171,56,1,41,131,240,289,311,248,-2,30,125,226,230,216,150,3,24,81,159,147,110,54,-4,4,50,127,102,60,12,-4,-2,17,112,103,77,37,-5,-14,-36,61,69,72,47,-13,-35,-106,-50,-72,-68,-84,-14,-41,-136,-154,-260,-321,-377,-13,-58,-171,-202,-336,-428,-536,1,-81,-231,-267,-429,-528,-669,17,-89,-270,-316,-507,-612,-754,25,-98,-306,-365,-581,-701,-839,17,-133,-366,-435,-673,-812,-961,6,-174,-462,-571,-822,-971,-1127,-4,-186,-550,-770,-1055,-1186,-1315,3,15,54,48,-30,-143,-238,7,33,92,155,145,55,-74,9,69,153,223,238,195,130,6,65,158,193,159,101,65,7,34,110,134,76,14,-4,3,20,93,113,42,-14,-28,4,-1,72,120,59,8,-11,3,-27,26,96,65,23,9,2,-54,-49,-4,-33,-68,-87,1,-62,-107,-143,-230,-304,-344,-6,-81,-129,-193,-306,-427,-485,-20,-116,-178,-263,-377,-536,-612,-27,-141,-225,-325,-444,-613,-707,-31,-162,-267,-378,-509,-686,-792,-40,-189,-310,-429,-576,-768,-896,-50,-232,-398,-525,-676,-877,-1022,-53,-253,-537,-705,-834,-1011,-1151,3,28,45,-12,-108,-206,9,39,102,115,58,-67,22,68,145,166,140,75,20,75,138,108,52,12,7,50,102,56,-13,-41,2,44,95,38,-34,-60,-6,25,106,63,-13,-47,-15,-7,90,82,11,-28,-26,-45,19,19,-47,-95,-29,-66,-74,-126,-225,-297,-33,-80,-93,-169,-317,-403,-42,-108,-120,-198,-389,-490,-52,-129,-155,-232,-437,-555,-61,-147,-188,-268,-486,-618,-70,-163,-214,-302,-535,-694,-80,-208,-273,-356,-597,-775,-76,-288,-412,-465,-684,-853,6,33,1,-79,-170,-241,8,51,86,46,-54,-173,16,68,110,77,32,-17,19,74,75,-1,-33,-39,13,63,53,-37,-71,-61,13,60,48,-53,-87,-61,7,66,80,-31,-76,-35,0,53,107,2,-54,0,-4,9,76,-23,-90,-39,-5,-40,-22,-147,-237,-205,-9,-39,-45,-214,-313,-291,-12,-50,-51,-257,-376,-346,-10,-74,-60,-279,-424,-394,-9,-96,-71,-300,-471,-443,-9,-112,-81,-322,-524,-506,-22,-144,-103,-346,-569,-568,-48,-236,-172,-389,-606,-618,13,4,-55,-129,-203,14,49,32,-35,-150,14,63,36,8,-41,17,46,-26,-56,-66,17,35,-43,-84,-84,16,35,-52,-102,-88,17,64,-29,-99,-73,8,89,7,-78,-49,-11,75,5,-93,-71,-27,19,-71,-186,-186,-29,16,-116,-242,-248,-42,30,-140,-291,-286,-57,31,-146,-327,-321,-68,27,-151,-363,-361,-75,24,-158,-401,-414,-84,19,-156,-419,-451,-116,-8,-149,-408,-449,1,-33,-91,-158,-203,15,20,-30,-120,-205,24,18,-17,-46,-69,21,-20,-70,-72,-46,16,-26,-88,-94,-40,15,-27,-106,-100,-24,25,-11,-116,-101,-6,37,17,-102,-90,20,35,32,-99,-96,19,19,-1,-142,-160,-60,28,-34,-181,-200,-118,46,-47,-213,-226,-148,50,-36,-231,-252,-164,49,-24,-247,-284,-180,47,-16,-267,-323,-213,46,-5,-270,-347,-244,44,20,-237,-326,-232,-11,-48,-98,-146,5,-22,-79,-160,1,-28,-40,-63,-13,-59,-59,-37,-14,-64,-77,-33,-11,-76,-86,-22,-3,-90,-100,-20,7,-89,-106,-21,16,-86,-114,-28,8,-98,-141,-73,-11,-121,-167,-113,-20,-150,-195,-142,-12,-165,-222,-158,-3,-175,-253,-175,5,-187,-284,-205,11,-186,-303,-233,20,-161,-292,-227,-12,-46,-87,-116,-5,-45,-101,-174,-8,-27,-30,-67,-15,-35,-5,-3,-14,-48,-10,24,-20,-59,-3,51,-30,-75,-6,71,-34,-85,-17,83,-35,-96,-29,80,-36,-105,-55,47,-40,-107,-66,30,-53,-113,-78,24,-62,-133,-96,18,-67,-156,-117,13,-73,-178,-142,-6,-73,-192,-167,-30,-64,-193,-176,-36,-13,-37,-69,-17,-40,-109,-13,1,-36,-16,16,14,-22,9,33,-25,15,57,-27,17,79,-28,11,86,-32,4,84,-34,-9,61,-30,-16,52,-24,-21,56,-29,-28,62,-38,-40,64,-46,-51,54,-51,-66,38,-53,-78,33,-8,-33,-46,-6,-50,-101,7,-10,-47,12,18,4,10,28,40,11,45,63,9,60,85,5,63,105,3,64,113,-1,51,99,-7,48,88,-12,47,95,-13,50,110,-13,52,134,-13,49,143,-17,42,141,-23,40,138,-8,-24,-11,-58,0,-37,8,-10,11,13,18,24,26,36,29,46,30,50,27,43,28,40,27,50,27,63,24,80,21,84,19,85,21,90,-9,-4,-22,-29,-17,-20,-10,-4,-4,16,-2,20,-1,26,0,42,1,48,-2,50,-1,41,5,43,9,51,17,65,20,74,21,78,21,77,2,-3,-3,2,10,10,12,17,18,20,14,13,18,22,23,24,27,1,-1,3,2,0,2,3,8,11,12,14,12,6,4,8,9,2,-17,-48,-30,0,40,125,199,252,278,-13,-89,-135,-79,16,150,265,383,483,-17,-49,-100,-57,37,138,216,319,414,-33,-42,-52,-29,24,76,118,207,308,-36,-66,-80,-89,-57,-19,8,99,208,-23,-97,-118,-147,-129,-91,-64,54,194,-1,-101,-153,-211,-233,-205,-180,-47,142,11,-50,-105,-207,-301,-328,-347,-249,-51,15,11,-1,-114,-266,-382,-493,-498,-369,21,26,23,-114,-291,-451,-600,-638,-547,18,17,48,-110,-347,-552,-734,-800,-709,11,28,96,-62,-355,-591,-804,-902,-805,12,36,110,-57,-397,-660,-905,-1035,-934,20,47,74,-145,-537,-826,-1101,-1264,-1173,29,56,23,-271,-748,-1091,-1414,-1606,-1522,46,96,30,-308,-901,-1329,-1746,-1982,-1879,-17,-7,15,40,102,178,247,280,-26,-76,-49,22,140,240,358,461,-5,-54,-41,29,135,196,284,378,-1,-15,-3,31,88,121,186,280,-15,-22,-37,-22,24,44,102,202,-35,-50,-71,-81,-33,-9,67,195,-41,-85,-119,-172,-140,-113,-26,141,-25,-63,-126,-230,-261,-272,-222,-50,-8,-1,-71,-201,-312,-409,-456,-356,-7,15,-71,-233,-365,-498,-580,-514,-15,41,-54,-281,-436,-603,-718,-649,-9,75,-12,-284,-469,-661,-812,-736,-4,82,-6,-313,-529,-744,-932,-854,3,59,-72,-422,-666,-903,-1124,-1061,10,27,-156,-581,-885,-1161,-1410,-1356,24,21,-184,-691,-1098,-1460,-1755,-1678,3,15,37,69,142,212,263,261,-24,-22,38,121,217,312,428,482,-22,-29,24,112,179,231,326,381,-7,-3,20,65,109,137,218,289,0,-14,-9,23,63,76,161,242,-4,-17,-32,-16,40,65,175,267,-18,-34,-76,-98,-34,3,146,263,-11,-44,-114,-206,-175,-174,-28,102,12,-24,-103,-251,-303,-392,-317,-224,19,-22,-127,-286,-374,-493,-447,-410,29,2,-152,-343,-458,-604,-560,-559,35,33,-153,-386,-512,-693,-651,-652,32,42,-169,-441,-576,-791,-759,-754,21,6,-241,-547,-690,-935,-922,-923,7,-40,-340,-711,-888,-1155,-1153,-1159,2,-68,-392,-873,-1143,-1452,-1430,-1413,4,18,35,85,157,224,229,-2,29,88,168,248,364,421,-5,18,82,154,189,269,323,0,12,38,87,106,163,227,-7,-8,7,55,61,113,185,-7,-14,-26,40,62,130,210,-8,-26,-79,-11,28,125,220,-16,-47,-149,-122,-113,-15,89,-17,-53,-179,-226,-301,-268,-204,-16,-70,-214,-274,-377,-375,-363,-2,-93,-274,-339,-470,-475,-496,14,-101,-313,-388,-548,-559,-581,22,-110,-349,-437,-622,-648,-666,14,-145,-409,-507,-714,-759,-788,3,-186,-505,-643,-863,-918,-954,-7,-198,-593,-842,-1096,-1133,-1142,4,18,38,107,175,198,164,6,54,99,175,268,338,368,3,50,104,145,189,244,303,4,19,56,86,106,157,234,0,5,39,65,72,129,210,1,-16,18,72,89,151,227,0,-42,-28,48,95,166,247,-1,-69,-103,-52,-3,75,151,-2,-77,-161,-191,-200,-161,-106,-9,-96,-183,-241,-276,-284,-247,-23,-131,-232,-311,-347,-393,-374,-30,-156,-279,-373,-414,-470,-469,-34,-177,-321,-426,-479,-543,-554,-43,-204,-364,-477,-546,-625,-658,-53,-247,-452,-573,-646,-734,-784,-56,-268,-591,-753,-804,-868,-913,6,11,57,127,166,139,19,40,100,178,248,281,17,47,93,120,160,218,4,22,57,68,95,165,-1,16,50,50,74,146,-9,-3,61,75,95,159,-18,-35,45,94,119,178,-29,-73,-26,31,61,111,-32,-94,-119,-114,-117,-91,-36,-108,-138,-157,-209,-197,-45,-136,-165,-186,-281,-284,-55,-157,-200,-220,-329,-349,-64,-175,-233,-256,-378,-412,-73,-191,-259,-290,-427,-488,-83,-236,-318,-344,-489,-569,-79,-316,-457,-453,-576,-647,2,18,85,125,116,68,10,35,109,156,202,224,13,41,74,78,137,202,7,30,52,42,99,180,7,27,47,26,83,180,1,33,79,48,94,206,-6,20,106,81,116,241,-10,-24,75,56,80,202,-11,-73,-23,-68,-67,36,-15,-72,-46,-135,-143,-50,-18,-83,-52,-178,-206,-105,-16,-107,-61,-200,-254,-153,-15,-129,-72,-221,-301,-202,-15,-145,-82,-243,-354,-265,-28,-177,-104,-267,-399,-327,-54,-269,-173,-310,-436,-377,1,45,87,94,53,1,59,91,137,162,4,42,29,73,137,4,31,12,45,119,3,31,3,27,115,4,60,26,30,130,-5,85,62,51,154,-24,71,60,36,132,-40,15,-16,-57,17,-42,12,-61,-113,-45,-55,26,-85,-162,-83,-70,27,-91,-198,-118,-81,23,-96,-234,-158,-88,20,-103,-272,-211,-97,15,-101,-290,-248,-129,-12,-94,-279,-246,14,53,61,38,-2,23,51,74,112,134,20,13,21,86,157,15,7,3,64,163,14,6,-15,58,179,24,22,-25,57,197,36,50,-11,68,223,34,65,-8,62,222,18,32,-51,-2,143,27,-1,-90,-42,85,45,-14,-122,-68,55,49,-3,-140,-94,39,48,9,-156,-126,23,46,17,-176,-165,-10,45,28,-179,-189,-41,43,53,-146,-168,-29,16,26,19,-14,12,20,58,83,-2,-11,39,109,-3,-16,21,113,0,-28,12,124,8,-42,-2,126,18,-41,-8,125,27,-38,-16,118,19,-50,-43,73,0,-73,-69,33,-9,-102,-97,4,-1,-117,-124,-12,8,-127,-155,-29,16,-139,-186,-59,22,-138,-205,-87,31,-113,-194,-81,7,1,-14,-58,4,19,57,49,-3,11,82,113,-2,-2,77,140,-8,-13,84,167,-18,-29,81,187,-22,-39,70,199,-23,-50,58,196,-24,-59,32,163,-28,-61,21,146,-41,-67,9,140,-50,-87,-9,134,-55,-110,-30,129,-61,-132,-55,110,-61,-146,-80,86,-52,-147,-89,80,-4,-3,-40,0,38,33,-3,53,83,-9,46,102,-12,52,126,-14,54,148,-15,48,155,-19,41,153,-21,28,130,-17,21,121,-11,16,125,-16,9,131,-25,-3,133,-33,-14,123,-38,-29,107,-40,-41,102,2,-17,-55,15,23,-1,20,51,50,18,61,86,19,78,109,17,93,131,13,96,151,11,97,159,7,84,145,1,81,134,-4,80,141,-5,83,156,-5,85,180,-5,82,189,-9,75,187,-15,73,184,-3,-34,8,-13,16,14,19,37,26,48,34,60,37,70,38,74,35,67,36,64,35,74,35,87,32,104,29,108,27,109,29,114,-13,-25,-8,-16,-1,0,5,20,7,24,8,30,9,46,10,52,7,54,8,45,14,47,18,55,26,69,29,78,30,82,30,81,-5,-5,0,8,8,10,15,16,18,12,11,16,20,21,22,25,-2,2,1,-1,1,2,7,10,11,13,11,5,3,7,8,1,4,-41,-105,-79,-24,25,66,131,205,0,-1,-70,-57,-3,13,17,67,136,-16,6,-22,-29,-16,-49,-81,-45,30,-19,-18,-50,-89,-97,-144,-191,-153,-70,-6,-49,-88,-147,-169,-216,-263,-198,-84,16,-53,-123,-211,-273,-330,-379,-299,-136,28,-2,-75,-207,-341,-453,-546,-501,-329,32,59,29,-114,-306,-507,-692,-750,-647,38,74,53,-114,-331,-576,-799,-890,-825,35,65,78,-110,-387,-677,-933,-1052,-987,28,76,126,-62,-395,-716,-1003,-1154,-1083,29,84,140,-57,-437,-785,-1104,-1287,-1212,37,95,104,-145,-577,-951,-1300,-1516,-1451,46,104,53,-271,-788,-1216,-1613,-1858,-1800,63,144,60,-308,-941,-1454,-1945,-2234,-2157,-9,-69,-64,-18,38,62,111,181,12,-47,-56,-11,33,18,37,98,16,-8,-18,-9,-14,-57,-61,0,2,-15,-52,-62,-78,-134,-145,-78,-18,-43,-86,-121,-135,-187,-180,-85,-24,-78,-134,-212,-242,-291,-273,-139,-8,-56,-141,-270,-363,-450,-469,-330,9,6,-86,-241,-414,-587,-703,-636,10,22,-86,-273,-467,-676,-827,-794,2,48,-69,-321,-538,-781,-965,-929,8,82,-27,-324,-571,-839,-1059,-1016,13,89,-21,-353,-631,-922,-1179,-1134,20,66,-87,-462,-768,-1081,-1371,-1341,27,34,-171,-621,-987,-1339,-1657,-1636,41,28,-199,-731,-1200,-1638,-2002,-1958,-27,-37,1,52,75,100,165,221,-25,-44,-13,43,37,19,63,120,-10,-18,-17,-4,-33,-75,-45,28,-3,-29,-46,-46,-79,-136,-102,-19,-7,-32,-69,-85,-102,-147,-88,6,-21,-49,-113,-167,-176,-209,-117,2,-14,-59,-151,-275,-317,-386,-291,-159,9,-39,-140,-320,-445,-604,-580,-485,16,-37,-164,-355,-516,-705,-710,-671,26,-13,-189,-412,-600,-816,-823,-820,32,18,-190,-455,-654,-905,-914,-913,29,27,-206,-510,-718,-1003,-1022,-1015,18,-9,-278,-616,-832,-1147,-1185,-1184,4,-55,-377,-780,-1030,-1367,-1416,-1420,-1,-83,-429,-942,-1285,-1664,-1693,-1674,-6,11,53,83,91,140,192,-9,0,47,69,32,45,94,-4,-6,3,2,-51,-61,-2,-11,-26,-28,-30,-96,-111,-44,-11,-32,-61,-45,-95,-94,-19,-12,-44,-114,-96,-129,-99,-9,-20,-65,-184,-207,-270,-239,-140,-21,-71,-214,-311,-458,-492,-433,-20,-88,-249,-359,-534,-599,-592,-6,-111,-309,-424,-627,-699,-725,10,-119,-348,-473,-705,-783,-810,18,-128,-384,-522,-779,-872,-895,10,-163,-444,-592,-871,-983,-1017,-1,-204,-540,-728,-1020,-1142,-1183,-11,-216,-628,-927,-1253,-1357,-1371,2,36,61,68,93,140,204,-1,32,66,38,14,46,139,0,1,18,-21,-69,-41,70,-4,-13,1,-42,-103,-69,46,-3,-34,-20,-35,-86,-47,63,-4,-60,-66,-59,-80,-32,83,-5,-87,-141,-159,-178,-123,-13,-6,-95,-199,-298,-375,-359,-270,-13,-114,-221,-348,-451,-482,-411,-27,-149,-270,-418,-522,-591,-538,-34,-174,-317,-480,-589,-668,-633,-38,-195,-359,-533,-654,-741,-718,-47,-222,-402,-584,-721,-823,-822,-57,-265,-490,-680,-821,-932,-948,-60,-286,-629,-860,-979,-1066,-1077,13,29,43,51,82,142,11,36,36,-7,-6,79,-2,11,0,-59,-71,26,-7,5,-7,-77,-92,7,-15,-14,4,-52,-71,20,-24,-46,-12,-33,-47,39,-35,-84,-83,-96,-105,-28,-38,-105,-176,-241,-283,-230,-42,-119,-195,-284,-375,-336,-51,-147,-222,-313,-447,-423,-61,-168,-257,-347,-495,-488,-70,-186,-290,-383,-544,-551,-79,-202,-316,-417,-593,-627,-89,-247,-375,-471,-655,-708,-85,-327,-514,-580,-742,-786,8,17,24,31,86,156,11,23,-11,-47,21,134,5,12,-33,-83,-17,112,5,9,-38,-99,-33,112,-1,15,-6,-77,-22,138,-8,2,21,-44,0,173,-12,-42,-10,-69,-36,134,-13,-91,-108,-193,-183,-32,-17,-90,-131,-260,-259,-118,-20,-101,-137,-303,-322,-173,-18,-125,-146,-325,-370,-221,-17,-147,-157,-346,-417,-270,-17,-163,-167,-368,-470,-333,-30,-195,-189,-392,-515,-395,-56,-287,-258,-435,-552,-445,0,14,4,43,109,3,-3,-58,-21,84,3,-14,-75,-49,66,2,-14,-84,-67,62,3,15,-61,-64,77,-6,40,-25,-43,101,-25,26,-27,-58,79,-41,-30,-103,-151,-36,-43,-33,-148,-207,-98,-56,-19,-172,-256,-136,-71,-18,-178,-292,-171,-82,-22,-183,-328,-211,-89,-25,-190,-366,-264,-98,-30,-188,-384,-301,-130,-57,-181,-373,-299,9,-2,13,74,136,6,-40,-40,48,159,1,-46,-58,26,165,0,-47,-76,20,181,10,-31,-86,19,199,22,-3,-72,30,225,20,12,-69,24,224,4,-21,-112,-40,145,13,-54,-151,-80,87,31,-67,-183,-106,57,35,-56,-201,-132,41,34,-44,-217,-164,25,32,-36,-237,-203,-8,31,-25,-240,-227,-39,29,0,-207,-206,-27,-4,-6,39,97,-18,-37,20,123,-19,-42,2,127,-16,-54,-7,138,-8,-68,-21,140,2,-67,-27,139,11,-64,-35,132,3,-76,-62,87,-16,-99,-88,47,-25,-128,-116,18,-17,-143,-143,2,-8,-153,-174,-15,0,-165,-205,-45,6,-164,-224,-73,15,-139,-213,-67,-3,18,71,107,-10,10,96,171,-9,-3,91,198,-15,-14,98,225,-25,-30,95,245,-29,-40,84,257,-30,-51,72,254,-31,-60,46,221,-35,-62,35,204,-48,-68,23,198,-57,-88,5,192,-62,-111,-16,187,-68,-133,-41,168,-68,-147,-66,144,-59,-148,-75,138,4,41,73,1,56,123,-5,49,142,-8,55,166,-10,57,188,-11,51,195,-15,44,193,-17,31,170,-13,24,161,-7,19,165,-12,12,171,-21,0,173,-29,-11,163,-34,-26,147,-36,-38,142,13,40,54,18,68,105,16,78,141,17,95,164,15,110,186,11,113,206,9,114,214,5,101,200,-1,98,189,-6,97,196,-7,100,211,-7,102,235,-7,99,244,-11,92,242,-17,90,239,11,21,19,48,22,71,29,82,37,94,40,104,41,108,38,101,39,98,38,108,38,121,35,138,32,142,30,143,32,148,5,9,12,25,18,45,20,49,21,55,22,71,23,77,20,79,21,70,27,72,31,80,39,94,42,103,43,107,43,106,0,5,13,13,15,20,21,23,17,16,21,25,26,27,30,4,3,1,3,4,9,12,13,15,13,7,5,9,10,3,-4,40,35,22,21,-12,-49,-64,-69,-20,47,83,50,8,-74,-147,-176,-175,-23,23,55,-10,-73,-169,-257,-284,-275,-10,-8,17,-68,-145,-241,-329,-329,-289,12,-12,-18,-132,-249,-355,-445,-430,-341,24,39,30,-128,-317,-478,-612,-632,-534,28,100,134,-35,-282,-532,-758,-881,-852,34,115,158,-35,-307,-601,-865,-1021,-1030,31,106,183,-31,-363,-702,-999,-1183,-1192,24,117,231,17,-371,-741,-1069,-1285,-1288,25,125,245,22,-413,-810,-1170,-1418,-1417,33,136,209,-66,-553,-976,-1366,-1647,-1656,42,145,158,-192,-764,-1241,-1679,-1989,-2005,59,185,165,-229,-917,-1479,-2011,-2365,-2362,21,22,8,7,-5,-44,-74,-83,25,61,46,9,-52,-119,-172,-181,11,54,12,-44,-116,-196,-256,-259,-9,26,-22,-103,-173,-249,-291,-266,-15,-9,-70,-194,-280,-353,-384,-320,1,13,-77,-252,-401,-512,-580,-511,18,75,-22,-223,-452,-649,-814,-817,19,91,-22,-255,-505,-738,-938,-975,11,117,-5,-303,-576,-843,-1076,-1110,17,151,37,-306,-609,-901,-1170,-1197,22,158,43,-335,-669,-984,-1290,-1315,29,135,-23,-444,-806,-1143,-1482,-1522,36,103,-107,-603,-1025,-1401,-1768,-1817,50,97,-135,-713,-1238,-1700,-2113,-2139,2,-7,-14,-9,-38,-81,-102,-101,17,19,-18,-56,-108,-175,-210,-193,24,8,-47,-98,-154,-236,-267,-240,20,5,-70,-137,-177,-247,-253,-215,6,-12,-114,-219,-251,-309,-282,-219,13,-22,-152,-327,-392,-486,-456,-380,36,-2,-141,-372,-520,-704,-745,-706,43,0,-165,-407,-591,-805,-875,-892,53,24,-190,-464,-675,-916,-988,-1041,59,55,-191,-507,-729,-1005,-1079,-1134,56,64,-207,-562,-793,-1103,-1187,-1236,45,28,-279,-668,-907,-1247,-1350,-1405,31,-18,-378,-832,-1105,-1467,-1581,-1641,26,-46,-430,-994,-1360,-1764,-1858,-1895,-3,-11,-6,-14,-59,-95,-98,2,-17,-50,-81,-142,-201,-194,-5,-37,-81,-113,-187,-251,-236,-5,-43,-114,-128,-186,-234,-211,-6,-55,-167,-179,-220,-239,-201,-14,-76,-237,-290,-361,-379,-332,-15,-82,-267,-394,-549,-632,-625,-14,-99,-302,-442,-625,-739,-784,0,-122,-362,-507,-718,-839,-917,16,-130,-401,-556,-796,-923,-1002,24,-139,-437,-605,-870,-1012,-1087,16,-174,-497,-675,-962,-1123,-1209,5,-215,-593,-811,-1111,-1282,-1375,-5,-227,-681,-1010,-1344,-1497,-1563,-3,-4,5,-30,-79,-94,-65,-2,-35,-43,-89,-162,-181,-134,-6,-49,-60,-110,-196,-209,-158,-5,-70,-81,-103,-179,-187,-141,-6,-96,-127,-127,-173,-172,-121,-7,-123,-202,-227,-271,-263,-217,-8,-131,-260,-366,-468,-499,-474,-15,-150,-282,-416,-544,-622,-615,-29,-185,-331,-486,-615,-731,-742,-36,-210,-378,-548,-682,-808,-837,-40,-231,-420,-601,-747,-881,-922,-49,-258,-463,-652,-814,-963,-1026,-59,-301,-551,-748,-914,-1072,-1152,-62,-322,-690,-928,-1072,-1206,-1281,-2,7,-7,-58,-88,-63,-15,-18,-43,-110,-153,-116,-20,-24,-50,-128,-174,-135,-28,-43,-39,-103,-153,-122,-37,-75,-55,-84,-129,-103,-48,-113,-126,-147,-187,-170,-51,-134,-219,-292,-365,-372,-55,-148,-238,-335,-457,-478,-64,-176,-265,-364,-529,-565,-74,-197,-300,-398,-577,-630,-83,-215,-333,-434,-626,-693,-92,-231,-359,-468,-675,-769,-102,-276,-418,-522,-737,-850,-98,-356,-557,-631,-824,-928,3,6,-35,-78,-65,-22,-3,-5,-57,-114,-103,-44,-3,-8,-62,-130,-119,-44,-9,-2,-30,-108,-108,-18,-16,-15,-3,-75,-86,17,-20,-59,-34,-100,-122,-22,-21,-108,-132,-224,-269,-188,-25,-107,-155,-291,-345,-274,-28,-118,-161,-334,-408,-329,-26,-142,-170,-356,-456,-377,-25,-164,-181,-377,-503,-426,-25,-180,-191,-399,-556,-489,-38,-212,-213,-423,-601,-551,-64,-304,-282,-466,-638,-601,3,-17,-62,-64,-25,3,-28,-79,-92,-43,2,-28,-88,-110,-47,3,1,-65,-107,-32,-6,26,-29,-86,-8,-25,12,-31,-101,-30,-41,-44,-107,-194,-145,-43,-47,-152,-250,-207,-56,-33,-176,-299,-245,-71,-32,-182,-335,-280,-82,-36,-187,-371,-320,-89,-39,-194,-409,-373,-98,-44,-192,-427,-410,-130,-71,-185,-416,-408,-3,-38,-53,-26,23,-8,-44,-71,-48,29,-9,-45,-89,-54,45,1,-29,-99,-55,63,13,-1,-85,-44,89,11,14,-82,-50,88,-5,-19,-125,-114,9,4,-52,-164,-154,-49,22,-65,-196,-180,-79,26,-54,-214,-206,-95,25,-42,-230,-238,-111,23,-34,-250,-277,-144,22,-23,-253,-301,-175,20,2,-220,-280,-163,-14,-31,-19,26,-15,-36,-37,30,-12,-48,-46,41,-4,-62,-60,43,6,-61,-66,42,15,-58,-74,35,7,-70,-101,-10,-12,-93,-127,-50,-21,-122,-155,-79,-13,-137,-182,-95,-4,-147,-213,-112,4,-159,-244,-142,10,-158,-263,-170,19,-133,-252,-164,-7,-8,25,64,-6,-21,20,91,-12,-32,27,118,-22,-48,24,138,-26,-58,13,150,-27,-69,1,147,-28,-78,-25,114,-32,-80,-36,97,-45,-86,-48,91,-54,-106,-66,85,-59,-129,-87,80,-65,-151,-112,61,-65,-165,-137,37,-56,-166,-146,31,-3,15,50,-9,8,69,-12,14,93,-14,16,115,-15,10,122,-19,3,120,-21,-10,97,-17,-17,88,-11,-22,92,-16,-29,98,-25,-41,100,-33,-52,90,-38,-67,74,-40,-79,69,5,28,51,3,38,87,4,55,110,2,70,132,-2,73,152,-4,74,160,-8,61,146,-14,58,135,-19,57,142,-20,60,157,-20,62,181,-20,59,190,-24,52,188,-30,50,185,8,27,11,50,18,61,26,73,29,83,30,87,27,80,28,77,27,87,27,100,24,117,21,121,19,122,21,127,7,16,13,36,15,40,16,46,17,62,18,68,15,70,16,61,22,63,26,71,34,85,37,94,38,98,38,97,5,13,13,15,20,21,23,17,16,21,25,26,27,30,-1,-3,-1,0,5,8,9,11,9,3,1,5,6,-1,-16,7,48,28,-13,-62,-98,-112,-106,-19,-17,20,-32,-94,-157,-208,-220,-206,-6,-48,-18,-90,-166,-229,-280,-265,-220,16,-52,-53,-154,-270,-343,-396,-366,-272,28,-1,-5,-150,-338,-466,-563,-568,-465,32,60,99,-57,-303,-520,-709,-817,-783,38,75,123,-57,-328,-589,-816,-957,-961,35,66,148,-53,-384,-690,-950,-1119,-1123,28,77,196,-5,-392,-729,-1020,-1221,-1219,29,85,210,0,-434,-798,-1121,-1354,-1348,37,96,174,-88,-574,-964,-1317,-1583,-1587,46,105,123,-214,-785,-1229,-1630,-1925,-1936,63,145,130,-251,-938,-1467,-1962,-2301,-2293,4,39,38,2,-47,-75,-98,-98,-10,32,4,-51,-111,-152,-182,-176,-30,4,-30,-110,-168,-205,-217,-183,-36,-31,-78,-201,-275,-309,-310,-237,-20,-9,-85,-259,-396,-468,-506,-428,-3,53,-30,-230,-447,-605,-740,-734,-2,69,-30,-262,-500,-694,-864,-892,-10,95,-13,-310,-571,-799,-1002,-1027,-4,129,29,-313,-604,-857,-1096,-1114,1,136,35,-342,-664,-940,-1216,-1232,8,113,-31,-451,-801,-1099,-1408,-1439,15,81,-115,-610,-1020,-1357,-1694,-1734,29,75,-143,-720,-1233,-1656,-2039,-2056,15,26,-4,-47,-70,-94,-108,-92,22,15,-33,-89,-116,-155,-165,-139,18,12,-56,-128,-139,-166,-151,-114,4,-5,-100,-210,-213,-228,-180,-118,11,-15,-138,-318,-354,-405,-354,-279,34,5,-127,-363,-482,-623,-643,-605,41,7,-151,-398,-553,-724,-773,-791,51,31,-176,-455,-637,-835,-886,-940,57,62,-177,-498,-691,-924,-977,-1033,54,71,-193,-553,-755,-1022,-1085,-1135,43,35,-265,-659,-869,-1166,-1248,-1304,29,-11,-364,-823,-1067,-1386,-1479,-1540,24,-39,-416,-985,-1322,-1683,-1756,-1794,5,-6,-44,-67,-83,-106,-96,-2,-26,-75,-99,-128,-156,-138,-2,-32,-108,-114,-127,-139,-113,-3,-44,-161,-165,-161,-144,-103,-11,-65,-231,-276,-302,-284,-234,-12,-71,-261,-380,-490,-537,-527,-11,-88,-296,-428,-566,-644,-686,3,-111,-356,-493,-659,-744,-819,19,-119,-395,-542,-737,-828,-904,27,-128,-431,-591,-811,-917,-989,19,-163,-491,-661,-903,-1028,-1111,8,-204,-587,-797,-1052,-1187,-1277,-2,-216,-675,-996,-1285,-1402,-1465,1,-31,-48,-59,-83,-87,-69,-3,-45,-65,-80,-117,-115,-93,-2,-66,-86,-73,-100,-93,-76,-3,-92,-132,-97,-94,-78,-56,-4,-119,-207,-197,-192,-169,-152,-5,-127,-265,-336,-389,-405,-409,-12,-146,-287,-386,-465,-528,-550,-26,-181,-336,-456,-536,-637,-677,-33,-206,-383,-518,-603,-714,-772,-37,-227,-425,-571,-668,-787,-857,-46,-254,-468,-622,-735,-869,-961,-56,-297,-556,-718,-835,-978,-1087,-59,-318,-695,-898,-993,-1112,-1216,-13,-25,-36,-52,-65,-53,-18,-31,-43,-70,-86,-72,-26,-50,-32,-45,-65,-59,-35,-82,-48,-26,-41,-40,-46,-120,-119,-89,-99,-107,-49,-141,-212,-234,-277,-309,-53,-155,-231,-277,-369,-415,-62,-183,-258,-306,-441,-502,-72,-204,-293,-340,-489,-567,-81,-222,-326,-376,-538,-630,-90,-238,-352,-410,-587,-706,-100,-283,-411,-464,-649,-787,-96,-363,-550,-573,-736,-865,-6,-11,-22,-36,-38,-22,-6,-14,-27,-52,-54,-22,-12,-8,5,-30,-43,4,-19,-21,32,3,-21,39,-23,-65,1,-22,-57,0,-24,-114,-97,-146,-204,-166,-28,-113,-120,-213,-280,-252,-31,-124,-126,-256,-343,-307,-29,-148,-135,-278,-391,-355,-28,-170,-146,-299,-438,-404,-28,-186,-156,-321,-491,-467,-41,-218,-178,-345,-536,-529,-67,-310,-247,-388,-573,-579,0,-11,-17,-28,-18,-1,-11,-26,-46,-22,0,18,-3,-43,-7,-9,43,33,-22,17,-28,29,31,-37,-5,-44,-27,-45,-130,-120,-46,-30,-90,-186,-182,-59,-16,-114,-235,-220,-74,-15,-120,-271,-255,-85,-19,-125,-307,-295,-92,-22,-132,-345,-348,-101,-27,-130,-363,-385,-133,-54,-123,-352,-383,-5,-6,-18,-22,6,-6,-7,-36,-28,22,4,9,-46,-29,40,16,37,-32,-18,66,14,52,-29,-24,65,-2,19,-72,-88,-14,7,-14,-111,-128,-72,25,-27,-143,-154,-102,29,-16,-161,-180,-118,28,-4,-177,-212,-134,26,4,-197,-251,-167,25,15,-200,-275,-198,23,40,-167,-254,-186,-1,-5,-18,4,2,-17,-27,15,10,-31,-41,17,20,-30,-47,16,29,-27,-55,9,21,-39,-82,-36,2,-62,-108,-76,-7,-91,-136,-105,1,-106,-163,-121,10,-116,-194,-138,18,-128,-225,-168,24,-127,-244,-196,33,-102,-233,-190,1,-13,-5,27,-5,-24,2,54,-15,-40,-1,74,-19,-50,-12,86,-20,-61,-24,83,-21,-70,-50,50,-25,-72,-61,33,-38,-78,-73,27,-47,-98,-91,21,-52,-121,-112,16,-58,-143,-137,-3,-58,-157,-162,-27,-49,-158,-171,-33,-6,-7,19,-9,-1,43,-11,1,65,-12,-5,72,-16,-12,70,-18,-25,47,-14,-32,38,-8,-37,42,-13,-44,48,-22,-56,50,-30,-67,40,-35,-82,24,-37,-94,19,-2,10,36,-1,27,59,-3,42,81,-7,45,101,-9,46,109,-13,33,95,-19,30,84,-24,29,91,-25,32,106,-25,34,130,-25,31,139,-29,24,137,-35,22,134,3,23,10,34,18,46,21,56,22,60,19,53,20,50,19,60,19,73,16,90,13,94,11,95,13,100,6,20,8,24,9,30,10,46,11,52,8,54,9,45,15,47,19,55,27,69,30,78,31,82,31,81,8,8,10,15,16,18,12,11,16,20,21,22,25,-2,0,1,6,9,10,12,10,4,2,6,7,0,-3,-24,-28,-60,-81,-95,-110,-108,-100,10,-55,-66,-118,-153,-167,-182,-153,-114,32,-59,-101,-182,-257,-281,-298,-254,-166,44,-8,-53,-178,-325,-404,-465,-456,-359,48,53,51,-85,-290,-458,-611,-705,-677,54,68,75,-85,-315,-527,-718,-845,-855,51,59,100,-81,-371,-628,-852,-1007,-1017,44,70,148,-33,-379,-667,-922,-1109,-1113,45,78,162,-28,-421,-736,-1023,-1242,-1242,53,89,126,-116,-561,-902,-1219,-1471,-1481,62,98,75,-242,-772,-1167,-1532,-1813,-1830,79,138,82,-279,-925,-1405,-1864,-2189,-2187,-14,-7,-34,-53,-64,-77,-84,-78,-34,-35,-68,-112,-121,-130,-119,-85,-40,-70,-116,-203,-228,-234,-212,-139,-24,-48,-123,-261,-349,-393,-408,-330,-7,14,-68,-232,-400,-530,-642,-636,-6,30,-68,-264,-453,-619,-766,-794,-14,56,-51,-312,-524,-724,-904,-929,-8,90,-9,-315,-557,-782,-998,-1016,-3,97,-3,-344,-617,-865,-1118,-1134,4,74,-69,-453,-754,-1024,-1310,-1341,11,42,-153,-612,-973,-1282,-1596,-1636,25,36,-181,-722,-1186,-1581,-1941,-1958,7,-11,-29,-42,-46,-61,-57,-47,3,-14,-52,-81,-69,-72,-43,-22,-11,-31,-96,-163,-143,-134,-72,-26,-4,-41,-134,-271,-284,-311,-246,-187,19,-21,-123,-316,-412,-529,-535,-513,26,-19,-147,-351,-483,-630,-665,-699,36,5,-172,-408,-567,-741,-778,-848,42,36,-173,-451,-621,-830,-869,-941,39,45,-189,-506,-685,-928,-977,-1043,28,9,-261,-612,-799,-1072,-1140,-1212,14,-37,-360,-776,-997,-1292,-1371,-1448,9,-65,-412,-938,-1252,-1589,-1648,-1702,-7,-20,-31,-32,-45,-50,-42,-7,-26,-64,-47,-44,-33,-17,-8,-38,-117,-98,-78,-38,-7,-16,-59,-187,-209,-219,-178,-138,-17,-65,-217,-313,-407,-431,-431,-16,-82,-252,-361,-483,-538,-590,-2,-105,-312,-426,-576,-638,-723,14,-113,-351,-475,-654,-722,-808,22,-122,-387,-524,-728,-811,-893,14,-157,-447,-594,-820,-922,-1015,3,-198,-543,-730,-969,-1081,-1181,-7,-210,-631,-929,-1202,-1296,-1369,-4,-14,-17,-21,-34,-28,-24,-3,-35,-38,-14,-17,-6,-7,-4,-61,-84,-38,-11,9,13,-5,-88,-159,-138,-109,-82,-83,-6,-96,-217,-277,-306,-318,-340,-13,-115,-239,-327,-382,-441,-481,-27,-150,-288,-397,-453,-550,-608,-34,-175,-335,-459,-520,-627,-703,-38,-196,-377,-512,-585,-700,-788,-47,-223,-420,-563,-652,-782,-892,-57,-266,-508,-659,-752,-891,-1018,-60,-287,-647,-839,-910,-1025,-1147,-5,-6,-7,-18,-21,-19,-13,-25,4,7,0,-6,-22,-57,-12,26,24,13,-33,-95,-83,-37,-34,-54,-36,-116,-176,-182,-212,-256,-40,-130,-195,-225,-304,-362,-49,-158,-222,-254,-376,-449,-59,-179,-257,-288,-424,-514,-68,-197,-290,-324,-473,-577,-77,-213,-316,-358,-522,-653,-87,-258,-375,-412,-584,-734,-83,-338,-514,-521,-671,-812,0,-3,-5,-16,-16,0,-6,3,27,6,-5,26,-13,-10,54,39,17,61,-17,-54,23,14,-19,22,-18,-103,-75,-110,-166,-144,-22,-102,-98,-177,-242,-230,-25,-113,-104,-220,-305,-285,-23,-137,-113,-242,-353,-333,-22,-159,-124,-263,-400,-382,-22,-175,-134,-285,-453,-445,-35,-207,-156,-309,-498,-507,-61,-299,-225,-352,-535,-557,-1,0,-9,-18,-4,0,29,14,-15,11,-9,54,50,6,35,-28,40,48,-9,13,-44,-16,-28,-102,-102,-46,-19,-73,-158,-164,-59,-5,-97,-207,-202,-74,-4,-103,-243,-237,-85,-8,-108,-279,-277,-92,-11,-115,-317,-330,-101,-16,-113,-335,-367,-133,-43,-106,-324,-365,-1,-1,-18,-6,16,9,15,-28,-7,34,21,43,-14,4,60,19,58,-11,-2,59,3,25,-54,-66,-20,12,-8,-93,-106,-78,30,-21,-125,-132,-108,34,-10,-143,-158,-124,33,2,-159,-190,-140,31,10,-179,-229,-173,30,21,-182,-253,-204,28,46,-149,-232,-192,3,-12,-9,11,11,-26,-23,13,21,-25,-29,12,30,-22,-37,5,22,-34,-64,-40,3,-57,-90,-80,-6,-86,-118,-109,2,-101,-145,-125,11,-111,-176,-142,19,-123,-207,-172,25,-122,-226,-200,34,-97,-215,-194,-6,-11,7,27,-16,-27,4,47,-20,-37,-7,59,-21,-48,-19,56,-22,-57,-45,23,-26,-59,-56,6,-39,-65,-68,0,-48,-85,-86,-6,-53,-108,-107,-11,-59,-130,-132,-30,-59,-144,-157,-54,-50,-145,-166,-60,-3,6,24,-5,8,46,-6,2,53,-10,-5,51,-12,-18,28,-8,-25,19,-2,-30,23,-7,-37,29,-16,-49,31,-24,-60,21,-29,-75,5,-31,-87,0,1,17,23,-1,32,45,-5,35,65,-7,36,73,-11,23,59,-17,20,48,-22,19,55,-23,22,70,-23,24,94,-23,21,103,-27,14,101,-33,12,98,7,11,15,23,18,33,19,37,16,30,17,27,16,37,16,50,13,67,10,71,8,72,10,77,2,4,3,10,4,26,5,32,2,34,3,25,9,27,13,35,21,49,24,58,25,62,25,61,0,2,7,8,10,4,3,8,12,13,14,17,2,3,8,11,12,14,12,6,4,8,9,2,13,-31,-38,-58,-72,-72,-72,-45,-14,35,-35,-73,-122,-176,-186,-188,-146,-66,47,16,-25,-118,-244,-309,-355,-348,-259,51,77,79,-25,-209,-363,-501,-597,-577,57,92,103,-25,-234,-432,-608,-737,-755,54,83,128,-21,-290,-533,-742,-899,-917,47,94,176,27,-298,-572,-812,-1001,-1013,48,102,190,32,-340,-641,-913,-1134,-1142,56,113,154,-56,-480,-807,-1109,-1363,-1381,65,122,103,-182,-691,-1072,-1422,-1705,-1730,82,162,110,-219,-844,-1310,-1754,-2081,-2087,-20,-28,-34,-59,-57,-53,-35,-7,-26,-63,-82,-150,-164,-157,-128,-61,-10,-41,-89,-208,-285,-316,-324,-252,7,21,-34,-179,-336,-453,-558,-558,8,37,-34,-211,-389,-542,-682,-716,0,63,-17,-259,-460,-647,-820,-851,6,97,25,-262,-493,-705,-914,-938,11,104,31,-291,-553,-788,-1034,-1056,18,81,-35,-400,-690,-947,-1226,-1263,25,49,-119,-559,-909,-1205,-1512,-1558,39,43,-147,-669,-1122,-1504,-1857,-1880,-4,-3,-23,-39,-23,-11,14,25,-18,-20,-67,-121,-97,-73,-15,21,-11,-30,-105,-229,-238,-250,-189,-140,12,-10,-94,-274,-366,-468,-478,-466,19,-8,-118,-309,-437,-569,-608,-652,29,16,-143,-366,-521,-680,-721,-801,35,47,-144,-409,-575,-769,-812,-894,32,56,-160,-464,-639,-867,-920,-996,21,20,-232,-570,-753,-1011,-1083,-1165,7,-26,-331,-734,-951,-1231,-1314,-1401,2,-54,-383,-896,-1206,-1528,-1591,-1655,0,-6,-33,-15,1,17,25,-1,-18,-86,-66,-33,12,35,-9,-39,-156,-177,-174,-128,-96,-10,-45,-186,-281,-362,-381,-389,-9,-62,-221,-329,-438,-488,-548,5,-85,-281,-394,-531,-588,-681,21,-93,-320,-443,-609,-672,-766,29,-102,-356,-492,-683,-761,-851,21,-137,-416,-562,-775,-872,-973,10,-178,-512,-698,-924,-1031,-1139,0,-190,-600,-897,-1157,-1246,-1327,1,-21,-21,7,17,22,17,0,-47,-67,-17,23,37,37,-1,-74,-142,-117,-75,-54,-59,-2,-82,-200,-256,-272,-290,-316,-9,-101,-222,-306,-348,-413,-457,-23,-136,-271,-376,-419,-522,-584,-30,-161,-318,-438,-486,-599,-679,-34,-182,-360,-491,-551,-672,-764,-43,-209,-403,-542,-618,-754,-868,-53,-252,-491,-638,-718,-863,-994,-56,-273,-630,-818,-876,-997,-1123,-8,-19,11,25,21,13,-17,-51,-5,44,45,32,-28,-89,-76,-19,-13,-35,-31,-110,-169,-164,-191,-237,-35,-124,-188,-207,-283,-343,-44,-152,-215,-236,-355,-430,-54,-173,-250,-270,-403,-495,-63,-191,-283,-306,-452,-558,-72,-207,-309,-340,-501,-634,-82,-252,-368,-394,-563,-715,-78,-332,-507,-503,-650,-793,-6,6,32,22,11,26,-13,-7,59,55,33,61,-17,-51,28,30,-3,22,-18,-100,-70,-94,-150,-144,-22,-99,-93,-161,-226,-230,-25,-110,-99,-204,-289,-285,-23,-134,-108,-226,-337,-333,-22,-156,-119,-247,-384,-382,-22,-172,-129,-269,-437,-445,-35,-204,-151,-293,-482,-507,-61,-296,-220,-336,-519,-557,1,29,23,3,15,-8,54,59,24,39,-27,40,57,9,17,-43,-16,-19,-84,-98,-45,-19,-64,-140,-160,-58,-5,-88,-189,-198,-73,-4,-94,-225,-233,-84,-8,-99,-261,-273,-91,-11,-106,-299,-326,-100,-16,-104,-317,-363,-132,-43,-97,-306,-361,10,16,-10,-1,18,22,44,4,10,44,20,59,7,4,43,4,26,-36,-60,-36,13,-7,-75,-100,-94,31,-20,-107,-126,-124,35,-9,-125,-152,-140,34,3,-141,-184,-156,32,11,-161,-223,-189,31,22,-164,-247,-220,29,47,-131,-226,-208,8,-14,-14,2,18,-13,-20,1,27,-10,-28,-6,19,-22,-55,-51,0,-45,-81,-91,-9,-74,-109,-120,-1,-89,-136,-136,8,-99,-167,-153,16,-111,-198,-183,22,-110,-217,-211,31,-85,-206,-205,-10,-16,-3,20,-14,-26,-14,32,-15,-37,-26,29,-16,-46,-52,-4,-20,-48,-63,-21,-33,-54,-75,-27,-42,-74,-93,-33,-47,-97,-114,-38,-53,-119,-139,-57,-53,-133,-164,-81,-44,-134,-173,-87,-2,2,22,-3,-4,29,-7,-11,27,-9,-24,4,-5,-31,-5,1,-36,-1,-4,-43,5,-13,-55,7,-21,-66,-3,-26,-81,-19,-28,-93,-24,-2,15,22,-6,18,42,-8,19,50,-12,6,36,-18,3,25,-23,2,32,-24,5,47,-24,7,71,-24,4,80,-28,-3,78,-34,-5,75,8,12,11,22,12,26,9,19,10,16,9,26,9,39,6,56,3,60,1,61,3,66,1,6,2,22,3,28,0,30,1,21,7,23,11,31,19,45,22,54,23,58,23,57,2,7,8,10,4,3,8,12,13,14,17,1,6,9,10,12,10,4,2,6,7,0,22,-4,-35,-64,-104,-114,-116,-101,-52,34,47,13,-60,-172,-237,-283,-303,-245,38,108,117,33,-137,-291,-429,-552,-563,44,123,141,33,-162,-360,-536,-692,-741,41,114,166,37,-218,-461,-670,-854,-903,34,125,214,85,-226,-500,-740,-956,-999,35,133,228,90,-268,-569,-841,-1089,-1128,43,144,192,2,-408,-735,-1037,-1318,-1367,52,153,141,-124,-619,-1000,-1350,-1660,-1716,69,193,148,-161,-772,-1238,-1682,-2036,-2073,-6,-35,-48,-91,-107,-104,-93,-54,10,-13,-55,-149,-228,-263,-289,-245,27,49,0,-120,-279,-400,-523,-551,28,65,0,-152,-332,-489,-647,-709,20,91,17,-200,-403,-594,-785,-844,26,125,59,-203,-436,-652,-879,-931,31,132,65,-232,-496,-735,-999,-1049,38,109,-1,-341,-633,-894,-1191,-1256,45,77,-85,-500,-852,-1152,-1477,-1551,59,71,-113,-610,-1065,-1451,-1822,-1873,-14,-17,-44,-82,-74,-62,-29,-4,-7,-27,-82,-190,-215,-239,-203,-165,16,-7,-71,-235,-343,-457,-492,-491,23,-5,-95,-270,-414,-558,-622,-677,33,19,-120,-327,-498,-669,-735,-826,39,50,-121,-370,-552,-758,-826,-919,36,59,-137,-425,-616,-856,-934,-1021,25,23,-209,-531,-730,-1000,-1097,-1190,11,-23,-308,-695,-928,-1220,-1328,-1426,6,-51,-360,-857,-1183,-1517,-1605,-1680,-1,-12,-53,-51,-34,-5,10,-9,-33,-123,-162,-175,-145,-121,-10,-39,-153,-266,-363,-398,-414,-9,-56,-188,-314,-439,-505,-573,5,-79,-248,-379,-532,-605,-706,21,-87,-287,-428,-610,-689,-791,29,-96,-323,-477,-684,-778,-876,21,-131,-383,-547,-776,-889,-998,10,-172,-479,-683,-925,-1048,-1164,0,-184,-567,-882,-1158,-1263,-1352,-1,-26,-46,-24,6,15,20,-2,-53,-121,-124,-92,-76,-76,-3,-61,-179,-263,-289,-312,-333,-10,-80,-201,-313,-365,-435,-474,-24,-115,-250,-383,-436,-544,-601,-31,-140,-297,-445,-503,-621,-696,-35,-161,-339,-498,-568,-694,-781,-44,-188,-382,-549,-635,-776,-885,-54,-231,-470,-645,-735,-885,-1011,-57,-252,-609,-825,-893,-1019,-1140,-9,-32,-16,19,24,19,-20,-70,-87,-44,-34,-48,-23,-91,-180,-189,-212,-250,-27,-105,-199,-232,-304,-356,-36,-133,-226,-261,-376,-443,-46,-154,-261,-295,-424,-508,-55,-172,-294,-331,-473,-571,-64,-188,-320,-365,-522,-647,-74,-233,-379,-419,-584,-728,-70,-313,-518,-528,-671,-806,-7,-13,27,33,22,35,-11,-57,-4,8,-14,-4,-12,-106,-102,-116,-161,-170,-16,-105,-125,-183,-237,-256,-19,-116,-131,-226,-300,-311,-17,-140,-140,-248,-348,-359,-16,-162,-151,-269,-395,-408,-16,-178,-161,-291,-448,-471,-29,-210,-183,-315,-493,-533,-55,-302,-252,-358,-530,-583,-9,25,36,21,24,-28,11,34,6,2,-44,-45,-42,-87,-113,-46,-48,-87,-143,-175,-59,-34,-111,-192,-213,-74,-33,-117,-228,-248,-85,-37,-122,-264,-288,-92,-40,-129,-302,-341,-101,-45,-127,-320,-378,-133,-72,-120,-309,-376,12,28,14,11,26,10,43,17,5,25,-6,10,-26,-59,-54,3,-23,-65,-99,-112,21,-36,-97,-125,-142,25,-25,-115,-151,-158,24,-13,-131,-183,-174,22,-5,-151,-222,-207,21,6,-154,-246,-238,19,31,-121,-225,-226,10,1,-6,-1,19,4,-14,-8,11,-8,-41,-53,-8,-31,-67,-93,-17,-60,-95,-122,-9,-75,-122,-138,0,-85,-153,-155,8,-97,-184,-185,14,-96,-203,-213,23,-71,-192,-207,-4,-10,-11,12,-5,-21,-23,9,-6,-30,-49,-24,-10,-32,-60,-41,-23,-38,-72,-47,-32,-58,-90,-53,-37,-81,-111,-58,-43,-103,-136,-77,-43,-117,-161,-101,-34,-118,-170,-107,-1,-6,7,-5,-13,5,-7,-26,-18,-3,-33,-27,3,-38,-23,-2,-45,-17,-11,-57,-15,-19,-68,-25,-24,-83,-41,-26,-95,-46,-4,3,20,-6,4,28,-10,-9,14,-16,-12,3,-21,-13,10,-22,-10,25,-22,-8,49,-22,-11,58,-26,-18,56,-32,-20,53,3,10,4,14,1,7,2,4,1,14,1,27,-2,44,-5,48,-7,49,-5,54,1,16,2,22,-1,24,0,15,6,17,10,25,18,39,21,48,22,52,22,51,5,6,8,2,1,6,10,11,12,15,5,8,9,11,9,3,1,5,6,-1,12,51,48,4,-68,-123,-167,-202,-193,16,112,152,97,-33,-177,-313,-451,-511,22,127,176,97,-58,-246,-420,-591,-689,19,118,201,101,-114,-347,-554,-753,-851,12,129,249,149,-122,-386,-624,-855,-947,13,137,263,154,-164,-455,-725,-988,-1076,21,148,227,66,-304,-621,-921,-1217,-1315,30,157,176,-60,-515,-886,-1234,-1559,-1664,47,197,183,-97,-668,-1124,-1566,-1935,-2021,16,22,-7,-58,-121,-159,-196,-191,33,84,48,-29,-172,-296,-430,-497,34,100,48,-61,-225,-385,-554,-655,26,126,65,-109,-296,-490,-692,-790,32,160,107,-112,-329,-548,-786,-877,37,167,113,-141,-389,-631,-906,-995,44,144,47,-250,-526,-790,-1098,-1202,51,112,-37,-409,-745,-1048,-1384,-1497,65,106,-65,-519,-958,-1347,-1729,-1819,7,-10,-38,-108,-141,-177,-174,-161,30,10,-27,-153,-269,-395,-463,-487,37,12,-51,-188,-340,-496,-593,-673,47,36,-76,-245,-424,-607,-706,-822,53,67,-77,-288,-478,-696,-797,-915,50,76,-93,-343,-542,-794,-905,-1017,39,40,-165,-449,-656,-938,-1068,-1186,25,-6,-264,-613,-854,-1158,-1299,-1422,20,-34,-316,-775,-1109,-1455,-1576,-1676,-8,-21,-70,-111,-141,-140,-131,-9,-27,-100,-215,-329,-393,-424,-8,-44,-135,-263,-405,-500,-583,6,-67,-195,-328,-498,-600,-716,22,-75,-234,-377,-576,-684,-801,30,-84,-270,-426,-650,-773,-886,22,-119,-330,-496,-742,-884,-1008,11,-160,-426,-632,-891,-1043,-1174,1,-172,-514,-831,-1124,-1258,-1362,-1,-27,-75,-100,-98,-91,-96,-2,-35,-133,-239,-295,-327,-353,-9,-54,-155,-289,-371,-450,-494,-23,-89,-204,-359,-442,-559,-621,-30,-114,-251,-421,-509,-636,-716,-34,-135,-293,-474,-574,-709,-801,-43,-162,-336,-525,-641,-791,-905,-53,-205,-424,-621,-741,-900,-1031,-56,-226,-563,-801,-899,-1034,-1160,-11,-38,-71,-63,-58,-67,-14,-59,-164,-208,-236,-269,-18,-73,-183,-251,-328,-375,-27,-101,-210,-280,-400,-462,-37,-122,-245,-314,-448,-527,-46,-140,-278,-350,-497,-590,-55,-156,-304,-384,-546,-666,-65,-201,-363,-438,-608,-747,-61,-281,-502,-547,-695,-825,-4,-44,-31,-25,-36,-39,-5,-93,-129,-149,-183,-205,-9,-92,-152,-216,-259,-291,-12,-103,-158,-259,-322,-346,-10,-127,-167,-281,-370,-394,-9,-149,-178,-302,-417,-443,-9,-165,-188,-324,-470,-506,-22,-197,-210,-348,-515,-568,-48,-289,-279,-391,-552,-618,-19,-14,-2,-15,-22,-35,-70,-78,-108,-137,-37,-73,-123,-164,-199,-50,-59,-147,-213,-237,-65,-58,-153,-249,-272,-76,-62,-158,-285,-312,-83,-65,-165,-323,-365,-92,-70,-163,-341,-402,-124,-97,-156,-330,-400,-2,15,3,-6,-1,-18,-18,-40,-70,-80,-9,-51,-79,-110,-138,9,-64,-111,-136,-168,13,-53,-129,-162,-184,12,-41,-145,-194,-200,10,-33,-165,-233,-233,9,-22,-168,-257,-264,7,3,-135,-236,-252,9,3,-8,-7,1,-9,-35,-52,-18,-32,-61,-92,-27,-61,-89,-121,-19,-76,-116,-137,-10,-86,-147,-154,-2,-98,-178,-184,4,-97,-197,-212,13,-72,-186,-206,-1,-11,-12,-3,-2,-20,-38,-36,-6,-22,-49,-53,-19,-28,-61,-59,-28,-48,-79,-65,-33,-71,-100,-70,-39,-93,-125,-89,-39,-107,-150,-113,-30,-108,-159,-119,-4,-7,-2,-6,-20,-25,-2,-27,-34,4,-32,-30,-1,-39,-24,-10,-51,-22,-18,-62,-32,-23,-77,-48,-25,-89,-53,-2,1,8,-6,-12,-6,-12,-15,-17,-17,-16,-10,-18,-13,5,-18,-11,29,-18,-14,38,-22,-21,36,-28,-23,33,1,4,-2,-3,-1,-6,-2,4,-2,17,-5,34,-8,38,-10,39,-8,44,1,6,-2,8,-1,-1,5,1,9,9,17,23,20,32,21,36,21,35,1,3,-3,-4,1,5,6,7,10,3,4,6,4,-2,-4,0,1,-6,4,61,104,93,35,-54,-146,-249,-318,10,76,128,93,10,-123,-253,-389,-496,7,67,153,97,-46,-224,-387,-551,-658,0,78,201,145,-54,-263,-457,-653,-754,1,86,215,150,-96,-332,-558,-786,-883,9,97,179,62,-236,-498,-754,-1015,-1122,18,106,128,-64,-447,-763,-1067,-1357,-1471,35,146,135,-101,-600,-1001,-1399,-1733,-1828,17,62,55,29,-51,-137,-234,-306,18,78,55,-3,-104,-226,-358,-464,10,104,72,-51,-175,-331,-496,-599,16,138,114,-54,-208,-389,-590,-686,21,145,120,-83,-268,-472,-710,-804,28,122,54,-192,-405,-631,-902,-1011,35,90,-30,-351,-624,-889,-1188,-1306,49,84,-58,-461,-837,-1188,-1533,-1628,23,20,11,-45,-128,-218,-289,-326,30,22,-13,-80,-199,-319,-419,-512,40,46,-38,-137,-283,-430,-532,-661,46,77,-39,-180,-337,-519,-623,-754,43,86,-55,-235,-401,-617,-731,-856,32,50,-127,-341,-515,-761,-894,-1025,18,4,-226,-505,-713,-981,-1125,-1261,13,-24,-278,-667,-968,-1278,-1402,-1515,-1,-6,-30,-104,-188,-253,-293,0,-23,-65,-152,-264,-360,-452,14,-46,-125,-217,-357,-460,-585,30,-54,-164,-266,-435,-544,-670,38,-63,-200,-315,-509,-633,-755,30,-98,-260,-385,-601,-744,-877,19,-139,-356,-521,-750,-903,-1043,9,-151,-444,-720,-983,-1118,-1231,-1,-8,-58,-139,-197,-236,-257,-8,-27,-80,-189,-273,-359,-398,-22,-62,-129,-259,-344,-468,-525,-29,-87,-176,-321,-411,-545,-620,-33,-108,-218,-374,-476,-618,-705,-42,-135,-261,-425,-543,-700,-809,-52,-178,-349,-521,-643,-809,-935,-55,-199,-488,-701,-801,-943,-1064,-3,-21,-93,-145,-178,-202,-7,-35,-112,-188,-270,-308,-16,-63,-139,-217,-342,-395,-26,-84,-174,-251,-390,-460,-35,-102,-207,-287,-439,-523,-44,-118,-233,-321,-488,-599,-54,-163,-292,-375,-550,-680,-50,-243,-431,-484,-637,-758,-1,-49,-98,-124,-147,-166,-5,-48,-121,-191,-223,-252,-8,-59,-127,-234,-286,-307,-6,-83,-136,-256,-334,-355,-5,-105,-147,-277,-381,-404,-5,-121,-157,-299,-434,-467,-18,-153,-179,-323,-479,-529,-44,-245,-248,-366,-516,-579,-16,-56,-76,-93,-115,-18,-59,-121,-149,-177,-31,-45,-145,-198,-215,-46,-44,-151,-234,-250,-57,-48,-156,-270,-290,-64,-51,-163,-308,-343,-73,-56,-161,-326,-380,-105,-83,-154,-315,-378,-16,-33,-43,-64,-79,-7,-66,-82,-104,-137,11,-79,-114,-130,-167,15,-68,-132,-156,-183,14,-56,-148,-188,-199,12,-48,-168,-227,-232,11,-37,-171,-251,-263,9,-12,-138,-230,-251,-8,-12,-27,-45,-27,-35,-53,-85,-36,-64,-81,-114,-28,-79,-108,-130,-19,-89,-139,-147,-11,-101,-170,-177,-5,-100,-189,-205,4,-75,-178,-199,-1,-9,-26,-33,-5,-11,-37,-50,-18,-17,-49,-56,-27,-37,-67,-62,-32,-60,-88,-67,-38,-82,-113,-86,-38,-96,-138,-110,-29,-97,-147,-116,-2,-13,-23,2,-20,-32,8,-25,-28,3,-32,-22,-6,-44,-20,-14,-55,-30,-19,-70,-46,-21,-82,-51,-4,-13,-14,-10,-16,-25,-15,-17,-18,-16,-14,-3,-16,-12,21,-16,-15,30,-20,-22,28,-26,-24,25,-3,-7,-2,-10,-3,0,-3,13,-6,30,-9,34,-11,35,-9,40,-3,2,-2,-7,4,-5,8,3,16,17,19,26,20,30,20,29,2,-4,-5,0,4,5,6,9,1,3,1,-5,-7,-3,-2,-9,6,15,24,0,-25,-69,-107,-140,-178,3,6,49,4,-81,-170,-241,-302,-340,-4,17,97,52,-89,-209,-311,-404,-436,-3,25,111,57,-131,-278,-412,-537,-565,5,36,75,-31,-271,-444,-608,-766,-804,14,45,24,-157,-482,-709,-921,-1108,-1153,31,85,31,-194,-635,-947,-1253,-1484,-1510,1,16,0,-32,-53,-89,-124,-158,-7,42,17,-80,-124,-194,-262,-293,-1,76,59,-83,-157,-252,-356,-380,4,83,65,-112,-217,-335,-476,-498,11,60,-1,-221,-354,-494,-668,-705,18,28,-85,-380,-573,-752,-954,-1000,32,22,-113,-490,-786,-1051,-1299,-1322,7,2,-24,-35,-71,-101,-130,-186,17,26,-49,-92,-155,-212,-243,-335,23,57,-50,-135,-209,-301,-334,-428,20,66,-66,-190,-273,-399,-442,-530,9,30,-138,-296,-387,-543,-605,-699,-5,-16,-237,-460,-585,-763,-836,-935,-10,-44,-289,-622,-840,-1060,-1113,-1189,1,-17,-35,-48,-76,-107,-159,15,-40,-95,-113,-169,-207,-292,31,-48,-134,-162,-247,-291,-377,39,-57,-170,-211,-321,-380,-462,31,-92,-230,-281,-413,-491,-584,20,-133,-326,-417,-562,-650,-750,10,-145,-414,-616,-795,-865,-938,-7,-19,-22,-50,-76,-123,-141,-21,-54,-71,-120,-147,-232,-268,-28,-79,-118,-182,-214,-309,-363,-32,-100,-160,-235,-279,-382,-448,-41,-127,-203,-286,-346,-464,-552,-51,-170,-291,-382,-446,-573,-678,-54,-191,-430,-562,-604,-707,-807,-4,-14,-19,-43,-92,-106,-13,-42,-46,-72,-164,-193,-23,-63,-81,-106,-212,-258,-32,-81,-114,-142,-261,-321,-41,-97,-140,-176,-310,-397,-51,-142,-199,-230,-372,-478,-47,-222,-338,-339,-459,-556,-4,1,-23,-67,-76,-86,-7,-10,-29,-110,-139,-141,-5,-34,-38,-132,-187,-189,-4,-56,-49,-153,-234,-238,-4,-72,-59,-175,-287,-301,-17,-104,-81,-199,-332,-363,-43,-196,-150,-242,-369,-413,-2,-3,-45,-56,-62,-15,11,-69,-105,-100,-30,12,-75,-141,-135,-41,8,-80,-177,-175,-48,5,-87,-215,-228,-57,0,-85,-233,-265,-89,-27,-78,-222,-263,9,-33,-39,-40,-58,27,-46,-71,-66,-88,31,-35,-89,-92,-104,30,-23,-105,-124,-120,28,-15,-125,-163,-153,27,-4,-128,-187,-184,25,21,-95,-166,-172,-19,-23,-26,-40,-28,-52,-54,-69,-20,-67,-81,-85,-11,-77,-112,-102,-3,-89,-143,-132,3,-88,-162,-160,12,-63,-151,-154,-4,-2,-11,-17,-17,-8,-23,-23,-26,-28,-41,-29,-31,-51,-62,-34,-37,-73,-87,-53,-37,-87,-112,-77,-28,-88,-121,-83,4,-7,-9,10,-12,-5,5,-19,1,-4,-31,3,-12,-42,-7,-17,-57,-23,-19,-69,-28,-6,-3,-11,-11,-4,-4,-12,-1,11,-12,1,35,-12,-2,44,-16,-9,42,-22,-11,39,1,-3,0,7,0,20,-3,37,-6,41,-8,42,-6,47,1,-9,7,-7,11,1,19,15,22,24,23,28,23,27,-6,-7,-2,2,3,4,7,2,0,-6,-8,-4,-3,-10,-3,-9,25,4,-56,-101,-134,-162,-162,-10,2,73,52,-64,-140,-204,-264,-258,-9,10,87,57,-106,-209,-305,-397,-387,-1,21,51,-31,-246,-375,-501,-626,-626,8,30,0,-157,-457,-640,-814,-968,-975,25,70,7,-194,-610,-878,-1146,-1344,-1332,-8,26,17,-48,-71,-105,-138,-135,-2,60,59,-51,-104,-163,-232,-222,3,67,65,-80,-164,-246,-352,-340,10,44,-1,-189,-301,-405,-544,-547,17,12,-85,-348,-520,-663,-830,-842,31,6,-113,-458,-733,-962,-1175,-1164,10,24,-25,-57,-84,-111,-113,-149,16,55,-26,-100,-138,-200,-204,-242,13,64,-42,-155,-202,-298,-312,-344,2,28,-114,-261,-316,-442,-475,-513,-12,-18,-213,-425,-514,-662,-706,-749,-17,-46,-265,-587,-769,-959,-983,-1003,14,-23,-60,-65,-93,-100,-133,30,-31,-99,-114,-171,-184,-218,38,-40,-135,-163,-245,-273,-303,30,-75,-195,-233,-337,-384,-425,19,-116,-291,-369,-486,-543,-591,9,-128,-379,-568,-719,-758,-779,-14,-35,-49,-70,-71,-109,-127,-21,-60,-96,-132,-138,-186,-222,-25,-81,-138,-185,-203,-259,-307,-34,-108,-181,-236,-270,-341,-411,-44,-151,-269,-332,-370,-450,-537,-47,-172,-408,-512,-528,-584,-666,-9,-28,-27,-29,-72,-87,-19,-49,-62,-63,-120,-152,-28,-67,-95,-99,-169,-215,-37,-83,-121,-133,-218,-291,-47,-128,-180,-187,-280,-372,-43,-208,-319,-296,-367,-450,-3,-11,-6,-43,-63,-55,-1,-35,-15,-65,-111,-103,0,-57,-26,-86,-158,-152,0,-73,-36,-108,-211,-215,-13,-105,-58,-132,-256,-277,-39,-197,-127,-175,-293,-327,-13,14,-24,-49,-38,-28,15,-30,-85,-73,-39,11,-35,-121,-113,-46,8,-42,-159,-166,-55,3,-40,-177,-203,-87,-24,-33,-166,-201,18,-13,-32,-26,-30,22,-2,-50,-52,-46,21,10,-66,-84,-62,19,18,-86,-123,-95,18,29,-89,-147,-126,16,54,-56,-126,-114,-9,-29,-28,-29,-1,-44,-55,-45,8,-54,-86,-62,16,-66,-117,-92,22,-65,-136,-120,31,-40,-125,-114,-13,-6,-12,-6,-22,-26,-30,-12,-27,-49,-51,-17,-33,-71,-76,-36,-33,-85,-101,-60,-24,-86,-110,-66,6,-5,4,1,-12,10,-8,-24,12,-16,-35,2,-21,-50,-14,-23,-62,-19,-5,-1,7,-6,2,22,-6,4,46,-6,1,55,-10,-6,53,-16,-8,50,-1,10,-1,23,-4,40,-7,44,-9,45,-7,50,6,2,10,10,18,24,21,33,22,37,22,36,-1,4,8,9,10,13,-2,-8,-10,-6,-5,-12,-7,11,48,48,-8,-39,-70,-102,-96,-6,19,62,53,-50,-108,-171,-235,-225,2,30,26,-35,-190,-274,-367,-464,-464,11,39,-25,-161,-401,-539,-680,-806,-813,28,79,-18,-198,-554,-777,-1012,-1182,-1170,6,34,42,-3,-33,-58,-94,-87,11,41,48,-32,-93,-141,-214,-205,18,18,-18,-141,-230,-300,-406,-412,25,-14,-102,-300,-449,-558,-692,-707,39,-20,-130,-410,-662,-857,-1037,-1029,6,31,-1,-43,-54,-89,-91,-93,3,40,-17,-98,-118,-187,-199,-195,-8,4,-89,-204,-232,-331,-362,-364,-22,-42,-188,-368,-430,-551,-593,-600,-27,-70,-240,-530,-685,-848,-870,-854,16,-8,-39,-49,-78,-84,-85,24,-17,-75,-98,-152,-173,-170,16,-52,-135,-168,-244,-284,-292,5,-93,-231,-304,-393,-443,-458,-5,-105,-319,-503,-626,-658,-646,-7,-25,-47,-62,-67,-77,-95,-11,-46,-89,-115,-132,-150,-180,-20,-73,-132,-166,-199,-232,-284,-30,-116,-220,-262,-299,-341,-410,-33,-137,-359,-442,-457,-475,-539,-10,-21,-35,-34,-48,-65,-19,-39,-68,-70,-97,-128,-28,-55,-94,-104,-146,-204,-38,-100,-153,-158,-208,-285,-34,-180,-292,-267,-295,-363,2,-24,-9,-22,-48,-48,3,-46,-20,-43,-95,-97,3,-62,-30,-65,-148,-160,-10,-94,-52,-89,-193,-222,-36,-186,-121,-132,-230,-272,-15,1,-6,-36,-35,-26,-3,-11,-72,-75,-33,-6,-18,-110,-128,-42,-11,-16,-128,-165,-74,-38,-9,-117,-163,4,11,-18,-26,-16,3,23,-34,-58,-32,1,31,-54,-97,-65,0,42,-57,-121,-96,-2,67,-24,-100,-84,8,-15,-27,-16,17,-25,-58,-33,25,-37,-89,-63,31,-36,-108,-91,40,-11,-97,-85,-9,-20,-18,-6,-14,-43,-39,-11,-20,-65,-64,-30,-20,-79,-89,-54,-11,-80,-98,-60,-5,-7,6,-14,-19,8,-22,-30,-2,-27,-45,-18,-29,-57,-23,-1,3,15,-1,5,39,-1,2,48,-5,-5,46,-11,-7,43,0,13,-3,30,-6,34,-8,35,-6,40,4,8,12,22,15,31,16,35,16,34,5,9,10,11,14,-6,-8,-4,-3,-10,1,8,14,5,-42,-69,-101,-133,-129,9,19,-22,-83,-182,-235,-297,-362,-368,18,28,-73,-209,-393,-500,-610,-704,-717,35,68,-66,-246,-546,-738,-942,-1080,-1074,5,7,6,-29,-60,-83,-120,-118,12,-16,-60,-138,-197,-242,-312,-325,19,-48,-144,-297,-416,-500,-598,-620,33,-54,-172,-407,-629,-799,-943,-942,-3,9,-16,-55,-64,-98,-108,-102,-14,-27,-88,-161,-178,-242,-271,-271,-28,-73,-187,-325,-376,-462,-502,-507,-33,-101,-239,-487,-631,-759,-779,-761,8,-9,-36,-49,-74,-89,-85,0,-44,-96,-119,-166,-200,-207,-11,-85,-192,-255,-315,-359,-373,-21,-97,-280,-454,-548,-574,-561,-4,-21,-42,-53,-65,-73,-85,-13,-48,-85,-104,-132,-155,-189,-23,-91,-173,-200,-232,-264,-315,-26,-112,-312,-380,-390,-398,-444,-9,-18,-33,-36,-49,-63,-18,-34,-59,-70,-98,-139,-28,-79,-118,-124,-160,-220,-24,-159,-257,-233,-247,-298,1,-22,-11,-21,-47,-49,1,-38,-21,-43,-100,-112,-12,-70,-43,-67,-145,-174,-38,-162,-112,-110,-182,-224,-11,-4,-5,-36,-40,-18,-7,-12,-74,-93,-27,-12,-10,-92,-130,-59,-39,-3,-81,-128,-1,12,-16,-32,-16,-3,20,-36,-71,-49,-4,31,-39,-95,-80,-6,56,-6,-74,-68,9,-10,-31,-17,17,-22,-62,-47,23,-21,-81,-75,32,4,-70,-69,-5,-23,-21,-5,-11,-45,-46,-24,-11,-59,-71,-48,-2,-60,-80,-54,-9,-12,2,-17,-23,-8,-22,-38,-24,-24,-50,-29,0,2,24,0,-1,33,-4,-8,31,-10,-10,28,-3,17,-6,21,-8,22,-6,27,8,14,11,23,12,27,12,26,4,5,6,9,-2,2,3,-4,8,11,-36,-88,-140,-166,-196,-229,-239,17,20,-87,-214,-351,-431,-509,-571,-588,34,60,-80,-251,-504,-669,-841,-947,-945,7,-23,-66,-109,-137,-159,-192,-207,14,-55,-150,-268,-356,-417,-478,-502,28,-61,-178,-378,-569,-716,-823,-824,-11,-36,-72,-106,-114,-144,-163,-169,-25,-82,-171,-270,-312,-364,-394,-405,-30,-110,-223,-432,-567,-661,-671,-659,-8,-35,-60,-70,-92,-111,-122,-19,-76,-156,-206,-241,-270,-288,-29,-88,-244,-405,-474,-485,-476,-9,-27,-43,-51,-67,-82,-104,-19,-70,-131,-147,-167,-191,-230,-22,-91,-270,-327,-325,-325,-359,-9,-16,-26,-34,-49,-76,-19,-61,-85,-88,-111,-157,-15,-141,-224,-197,-198,-235,0,-16,-10,-22,-53,-63,-13,-48,-32,-46,-98,-125,-39,-140,-101,-89,-135,-175,-7,-3,-7,-38,-53,-16,-8,-5,-56,-90,-48,-35,2,-45,-88,-2,8,-20,-39,-33,-3,19,-23,-63,-64,-5,44,10,-42,-52,8,-12,-31,-30,14,-11,-50,-58,23,14,-39,-52,-6,-22,-25,-19,-6,-36,-50,-43,3,-37,-59,-49,-8,-11,-10,-13,-26,-26,-15,-38,-31,0,-3,9,-4,-10,7,-10,-12,4,-3,4,-5,5,-3,10,3,9,4,13,4,12,1,2,5,4,5,-2,9,9,-51,-126,-211,-265,-313,-342,-349,26,49,-44,-163,-364,-503,-645,-718,-706,7,-32,-84,-159,-219,-258,-286,-295,21,-38,-112,-269,-432,-557,-631,-617,-14,-46,-99,-164,-198,-220,-231,-236,-19,-74,-151,-326,-453,-517,-508,-490,-11,-41,-96,-136,-149,-159,-166,-21,-53,-184,-335,-382,-374,-354,-10,-43,-88,-96,-100,-109,-126,-13,-64,-227,-276,-258,-243,-255,-10,-45,-59,-54,-62,-81,-6,-125,-198,-163,-149,-159,-13,-32,-22,-24,-45,-62,-39,-124,-91,-67,-82,-112,-9,-5,2,-18,-37,-41,-32,9,-7,-35,-1,11,-3,-24,-31,-3,36,30,-3,-19,6,1,-19,-28,15,26,-8,-22,0,-14,-25,-24,9,-15,-34,-30,-5,-15,-16,-7,-27,-21,-4,-7,-2,-10,-9,-5,-2,1,0,6,1,4,1,3,1,4,1,-6,17,40,7,-37,-153,-238,-332,-376,-357,14,-6,-28,-110,-213,-299,-345,-322,-5,-28,-52,-162,-255,-297,-277,-254,-10,-12,-88,-199,-233,-215,-188,-3,-21,-139,-180,-158,-134,-129,4,-80,-139,-109,-87,-78,-26,-92,-69,-43,-37,-50,-32,-27,7,11,2,-2,25,33,21,12,9,25,11,6,9,-1,-9,-6,-2,-12,-5,-6,-2,-3,2,5,0,-1,3,-7,-62,-121,-195,-273,-344,-402,-450,-506,-583,-673,-758,-828,-890,-944,-995,-1052,-1115,-1180,-263,-533,-736,-877,-1005,-1126,-1271,-1427,-1577,-1783,-2049,-2341,-2656,-2993,-3337,-3671,-3984,-4300,-260,-489,-775,-1038,-1292,-1531,-1774,-2031,-2295,-2550,-2782,-3034,-3305,-3605,-3922,-4277,-4640,-4996,-318,-595,-845,-1095,-1342,-1573,-1774,-1970,-2210,-2450,-2715,-2980,-3248,-3529,-3836,-4178,-4535,-4877,-386,-816,-1194,-1541,-1835,-2140,-2407,-2641,-2896,-3156,-3499,-3873,-4254,-4632,-5032,-5439,-5855,-6284,-405,-872,-1287,-1731,-2141,-2566,-2980,-3402,-3857,-4318,-4787,-5272,-5795,-6309,-6838,-7354,-7850,-8371,-59,-133,-211,-282,-340,-388,-444,-521,-611,-696,-766,-828,-882,-933,-990,-1053,-1118,-270,-473,-614,-742,-863,-1008,-1164,-1314,-1520,-1786,-2078,-2393,-2730,-3074,-3408,-3721,-4037,-229,-515,-778,-1032,-1271,-1514,-1771,-2035,-2290,-2522,-2774,-3045,-3345,-3662,-4017,-4380,-4736,-277,-527,-777,-1024,-1255,-1456,-1652,-1892,-2132,-2397,-2662,-2930,-3211,-3518,-3860,-4217,-4559,-430,-808,-1155,-1449,-1754,-2021,-2255,-2510,-2770,-3113,-3487,-3868,-4246,-4646,-5053,-5469,-5898,-467,-882,-1326,-1736,-2161,-2575,-2997,-3452,-3913,-4382,-4867,-5390,-5904,-6433,-6949,-7445,-7966,-74,-152,-223,-281,-329,-385,-462,-552,-637,-707,-769,-823,-874,-931,-994,-1059,-203,-344,-472,-593,-738,-894,-1044,-1250,-1516,-1808,-2123,-2460,-2804,-3138,-3451,-3767,-286,-549,-803,-1042,-1285,-1542,-1806,-2061,-2293,-2545,-2816,-3116,-3433,-3788,-4151,-4507,-250,-500,-747,-978,-1179,-1375,-1615,-1855,-2120,-2385,-2653,-2934,-3241,-3583,-3940,-4282,-378,-725,-1019,-1324,-1591,-1825,-2080,-2340,-2683,-3057,-3438,-3816,-4216,-4623,-5039,-5468,-415,-859,-1269,-1694,-2108,-2530,-2985,-3446,-3915,-4400,-4923,-5437,-5966,-6482,-6978,-7499,-78,-149,-207,-255,-311,-388,-478,-563,-633,-695,-749,-800,-857,-920,-985,-141,-269,-390,-535,-691,-841,-1047,-1313,-1605,-1920,-2257,-2601,-2935,-3248,-3564,-263,-517,-756,-999,-1256,-1520,-1775,-2007,-2259,-2530,-2830,-3147,-3502,-3865,-4221,-250,-497,-728,-929,-1125,-1365,-1605,-1870,-2135,-2403,-2684,-2991,-3333,-3690,-4032,-347,-641,-946,-1213,-1447,-1702,-1962,-2305,-2679,-3060,-3438,-3838,-4245,-4661,-5090,-444,-854,-1279,-1693,-2115,-2570,-3031,-3500,-3985,-4508,-5022,-5551,-6067,-6563,-7084,-71,-129,-177,-233,-310,-400,-485,-555,-617,-671,-722,-779,-842,-907,-128,-249,-394,-550,-700,-906,-1172,-1464,-1779,-2116,-2460,-2794,-3107,-3423,-254,-493,-736,-993,-1257,-1512,-1744,-1996,-2267,-2567,-2884,-3239,-3602,-3958,-247,-478,-679,-875,-1115,-1355,-1620,-1885,-2153,-2434,-2741,-3083,-3440,-3782,-294,-599,-866,-1100,-1355,-1615,-1958,-2332,-2713,-3091,-3491,-3898,-4314,-4743,-410,-835,-1249,-1671,-2126,-2587,-3056,-3541,-4064,-4578,-5107,-5623,-6119,-6640,-58,-106,-162,-239,-329,-414,-484,-546,-600,-651,-708,-771,-836,-121,-266,-422,-572,-778,-1044,-1336,-1651,-1988,-2332,-2666,-2979,-3295,-239,-482,-739,-1003,-1258,-1490,-1742,-2013,-2313,-2630,-2985,-3348,-3704,-231,-432,-628,-868,-1108,-1373,-1638,-1906,-2187,-2494,-2836,-3193,-3535,-305,-572,-806,-1061,-1321,-1664,-2038,-2419,-2797,-3197,-3604,-4020,-4449,-425,-839,-1261,-1716,-2177,-2646,-3131,-3654,-4168,-4697,-5213,-5709,-6230,-48,-104,-181,-271,-356,-426,-488,-542,-593,-650,-713,-778,-145,-301,-451,-657,-923,-1215,-1530,-1867,-2211,-2545,-2858,-3174,-243,-500,-764,-1019,-1251,-1503,-1774,-2074,-2391,-2746,-3109,-3465,-201,-397,-637,-877,-1142,-1407,-1675,-1956,-2263,-2605,-2962,-3304,-267,-501,-756,-1016,-1359,-1733,-2114,-2492,-2892,-3299,-3715,-4144,-414,-836,-1291,-1752,-2221,-2706,-3229,-3743,-4272,-4788,-5284,-5805,-56,-133,-223,-308,-378,-440,-494,-545,-602,-665,-730,-156,-306,-512,-778,-1070,-1385,-1722,-2066,-2400,-2713,-3029,-257,-521,-776,-1008,-1260,-1531,-1831,-2148,-2503,-2866,-3222,-196,-436,-676,-941,-1206,-1474,-1755,-2062,-2404,-2761,-3103,-234,-489,-749,-1092,-1466,-1847,-2225,-2625,-3032,-3448,-3877,-422,-877,-1338,-1807,-2292,-2815,-3329,-3858,-4374,-4870,-5391,-77,-167,-252,-322,-384,-438,-489,-546,-609,-674,-150,-356,-622,-914,-1229,-1566,-1910,-2244,-2557,-2873,-264,-519,-751,-1003,-1274,-1574,-1891,-2246,-2609,-2965,-240,-480,-745,-1010,-1278,-1559,-1866,-2208,-2565,-2907,-255,-515,-858,-1232,-1613,-1991,-2391,-2798,-3214,-3643,-455,-916,-1385,-1870,-2393,-2907,-3436,-3952,-4448,-4969,-90,-175,-245,-307,-361,-412,-469,-532,-597,-206,-472,-764,-1079,-1416,-1760,-2094,-2407,-2723,-255,-487,-739,-1010,-1310,-1627,-1982,-2345,-2701,-240,-505,-770,-1038,-1319,-1626,-1968,-2325,-2667,-260,-603,-977,-1358,-1736,-2136,-2543,-2959,-3388,-461,-930,-1415,-1938,-2452,-2981,-3497,-3993,-4514,-85,-155,-217,-271,-322,-379,-442,-507,-266,-558,-873,-1210,-1554,-1888,-2201,-2517,-232,-484,-755,-1055,-1372,-1727,-2090,-2446,-265,-530,-798,-1079,-1386,-1728,-2085,-2427,-343,-717,-1098,-1476,-1876,-2283,-2699,-3128,-469,-954,-1477,-1991,-2520,-3036,-3532,-4053,-70,-132,-186,-237,-294,-357,-422,-292,-607,-944,-1288,-1622,-1935,-2251,-252,-523,-823,-1140,-1495,-1858,-2214,-265,-533,-814,-1121,-1463,-1820,-2162,-374,-755,-1133,-1533,-1940,-2356,-2785,-485,-1008,-1522,-2051,-2567,-3063,-3584,-62,-116,-167,-224,-287,-352,-315,-652,-996,-1330,-1643,-1959,-271,-571,-888,-1243,-1606,-1962,-268,-549,-856,-1198,-1555,-1897,-381,-759,-1159,-1566,-1982,-2411,-523,-1037,-1566,-2082,-2578,-3099,-54,-105,-162,-225,-290,-337,-681,-1015,-1328,-1644,-300,-617,-972,-1335,-1691,-281,-588,-930,-1287,-1629,-378,-778,-1185,-1601,-2030,-514,-1043,-1559,-2055,-2576,-51,-108,-171,-236,-344,-678,-991,-1307,-317,-672,-1035,-1391,-307,-649,-1006,-1348,-400,-807,-1223,-1652,-529,-1045,-1541,-2062,-57,-120,-185,-334,-647,-963,-355,-718,-1074,-342,-699,-1041,-407,-823,-1252,-516,-1012,-1533,-63,-128,-313,-629,-363,-719,-357,-699,-416,-845,-496,-1017,-65,-316,-356,-342,-429,-521,-84,-157,-215,-289,-370,-450,-520,-578,-624,-674,-755,-858,-966,-1071,-1170,-1260,-1343,-1419,-177,-400,-655,-846,-1023,-1195,-1387,-1588,-1779,-1967,-2130,-2293,-2483,-2698,-2933,-3194,-3455,-3720,-229,-411,-633,-900,-1170,-1426,-1668,-1908,-2163,-2365,-2527,-2700,-2881,-3067,-3259,-3480,-3709,-3925,-328,-680,-968,-1221,-1467,-1727,-1959,-2165,-2395,-2611,-2887,-3178,-3469,-3758,-4062,-4381,-4717,-5053,-389,-864,-1315,-1769,-2172,-2603,-3032,-3434,-3823,-4171,-4558,-4974,-5412,-5841,-6281,-6705,-7126,-7563,-73,-131,-205,-286,-366,-436,-494,-540,-590,-671,-774,-882,-987,-1086,-1176,-1259,-1335,-223,-478,-669,-846,-1018,-1210,-1411,-1602,-1790,-1953,-2116,-2306,-2521,-2756,-3017,-3278,-3543,-182,-404,-671,-941,-1197,-1439,-1679,-1934,-2136,-2298,-2471,-2652,-2838,-3030,-3251,-3480,-3696,-352,-640,-893,-1139,-1399,-1631,-1837,-2067,-2283,-2559,-2850,-3141,-3430,-3734,-4053,-4389,-4725,-475,-926,-1380,-1783,-2214,-2643,-3045,-3434,-3782,-4169,-4585,-5023,-5452,-5892,-6316,-6737,-7174,-58,-132,-213,-293,-363,-421,-467,-517,-598,-701,-809,-914,-1013,-1103,-1186,-1262,-255,-446,-623,-795,-987,-1188,-1379,-1567,-1730,-1893,-2083,-2298,-2533,-2794,-3055,-3320,-222,-489,-759,-1015,-1257,-1497,-1752,-1954,-2116,-2289,-2470,-2656,-2848,-3069,-3298,-3514,-288,-541,-787,-1047,-1279,-1485,-1715,-1931,-2207,-2498,-2789,-3078,-3382,-3701,-4037,-4373,-451,-905,-1308,-1739,-2168,-2570,-2959,-3307,-3694,-4110,-4548,-4977,-5417,-5841,-6262,-6699,-74,-155,-235,-305,-363,-409,-459,-540,-643,-751,-856,-955,-1045,-1128,-1204,-191,-368,-540,-732,-933,-1124,-1312,-1475,-1638,-1828,-2043,-2278,-2539,-2800,-3065,-267,-537,-793,-1035,-1275,-1530,-1732,-1894,-2067,-2248,-2434,-2626,-2847,-3076,-3292,-253,-499,-759,-991,-1197,-1427,-1643,-1919,-2210,-2501,-2790,-3094,-3413,-3749,-4085,-454,-857,-1288,-1717,-2119,-2508,-2856,-3243,-3659,-4097,-4526,-4966,-5390,-5811,-6248,-81,-161,-231,-289,-335,-385,-466,-569,-677,-782,-881,-971,-1054,-1130,-177,-349,-541,-742,-933,-1121,-1284,-1447,-1637,-1852,-2087,-2348,-2609,-2874,-270,-526,-768,-1008,-1263,-1465,-1627,-1800,-1981,-2167,-2359,-2580,-2809,-3025,-246,-506,-738,-944,-1174,-1390,-1666,-1957,-2248,-2537,-2841,-3160,-3496,-3832,-403,-834,-1263,-1665,-2054,-2402,-2789,-3205,-3643,-4072,-4512,-4936,-5357,-5794,-80,-150,-208,-254,-304,-385,-488,-596,-701,-800,-890,-973,-1049,-172,-364,-565,-756,-944,-1107,-1270,-1460,-1675,-1910,-2171,-2432,-2697,-256,-498,-738,-993,-1195,-1357,-1530,-1711,-1897,-2089,-2310,-2539,-2755,-260,-492,-698,-928,-1144,-1420,-1711,-2002,-2291,-2595,-2914,-3250,-3586,-431,-860,-1262,-1651,-1999,-2386,-2802,-3240,-3669,-4109,-4533,-4954,-5391,-70,-128,-174,-224,-305,-408,-516,-621,-720,-810,-893,-969,-192,-393,-584,-772,-935,-1098,-1288,-1503,-1738,-1999,-2260,-2525,-242,-482,-737,-939,-1101,-1274,-1455,-1641,-1833,-2054,-2283,-2499,-232,-438,-668,-884,-1160,-1451,-1742,-2031,-2335,-2654,-2990,-3326,-429,-831,-1220,-1568,-1955,-2371,-2809,-3238,-3678,-4102,-4523,-4960,-58,-104,-154,-235,-338,-446,-551,-650,-740,-823,-899,-201,-392,-580,-743,-906,-1096,-1311,-1546,-1807,-2068,-2333,-240,-495,-697,-859,-1032,-1213,-1399,-1591,-1812,-2041,-2257,-206,-436,-652,-928,-1219,-1510,-1799,-2103,-2422,-2758,-3094,-402,-791,-1139,-1526,-1942,-2380,-2809,-3249,-3673,-4094,-4531,-46,-96,-177,-280,-388,-493,-592,-682,-765,-841,-191,-379,-542,-705,-895,-1110,-1345,-1606,-1867,-2132,-255,-457,-619,-792,-973,-1159,-1351,-1572,-1801,-2017,-230,-446,-722,-1013,-1304,-1593,-1897,-2216,-2552,-2888,-389,-737,-1124,-1540,-1978,-2407,-2847,-3271,-3692,-4129,-50,-131,-234,-342,-447,-546,-636,-719,-795,-188,-351,-514,-704,-919,-1154,-1415,-1676,-1941,-202,-364,-537,-718,-904,-1096,-1317,-1546,-1762,-216,-492,-783,-1074,-1363,-1667,-1986,-2322,-2658,-348,-735,-1151,-1589,-2018,-2458,-2882,-3303,-3740,-81,-184,-292,-397,-496,-586,-669,-745,-163,-326,-516,-731,-966,-1227,-1488,-1753,-162,-335,-516,-702,-894,-1115,-1344,-1560,-276,-567,-858,-1147,-1451,-1770,-2106,-2442,-387,-803,-1241,-1670,-2110,-2534,-2955,-3392,-103,-211,-316,-415,-505,-588,-664,-163,-353,-568,-803,-1064,-1325,-1590,-173,-354,-540,-732,-953,-1182,-1398,-291,-582,-871,-1175,-1494,-1830,-2166,-416,-854,-1283,-1723,-2147,-2568,-3005,-108,-213,-312,-402,-485,-561,-190,-405,-640,-901,-1162,-1427,-181,-367,-559,-780,-1009,-1225,-291,-580,-884,-1203,-1539,-1875,-438,-867,-1307,-1731,-2152,-2589,-105,-204,-294,-377,-453,-215,-450,-711,-972,-1237,-186,-378,-599,-828,-1044,-289,-593,-912,-1248,-1584,-429,-869,-1293,-1714,-2151,-99,-189,-272,-348,-235,-496,-757,-1022,-192,-413,-642,-858,-304,-623,-959,-1295,-440,-864,-1285,-1722,-90,-173,-249,-261,-522,-787,-221,-450,-666,-319,-655,-991,-424,-845,-1282,-83,-159,-261,-526,-229,-445,-336,-672,-421,-858,-76,-265,-216,-336,-437,-104,-233,-349,-433,-510,-588,-675,-765,-851,-935,-1013,-1088,-1174,-1266,-1364,-1473,-1582,-1698,-118,-219,-405,-629,-864,-1094,-1303,-1505,-1709,-1873,-1999,-2131,-2259,-2376,-2481,-2604,-2743,-2874,-281,-535,-737,-963,-1202,-1439,-1656,-1860,-2104,-2338,-2573,-2802,-3030,-3245,-3461,-3688,-3917,-4137,-357,-791,-1186,-1538,-1844,-2170,-2485,-2782,-3093,-3393,-3754,-4123,-4488,-4844,-5203,-5554,-5905,-6273,-385,-855,-1331,-1838,-2324,-2845,-3379,-3897,-4422,-4928,-5412,-5917,-6450,-6956,-7455,-7926,-8383,-8856,-129,-245,-329,-406,-484,-571,-661,-747,-831,-909,-984,-1070,-1162,-1260,-1369,-1478,-1594,-101,-287,-511,-746,-976,-1185,-1387,-1591,-1755,-1881,-2013,-2141,-2258,-2363,-2486,-2625,-2756,-254,-456,-682,-921,-1158,-1375,-1579,-1823,-2057,-2292,-2521,-2749,-2964,-3180,-3407,-3636,-3856,-434,-829,-1181,-1487,-1813,-2128,-2425,-2736,-3036,-3397,-3766,-4131,-4487,-4846,-5197,-5548,-5916,-470,-946,-1453,-1939,-2460,-2994,-3512,-4037,-4543,-5027,-5532,-6065,-6571,-7070,-7541,-7998,-8471,-116,-200,-277,-355,-442,-532,-618,-702,-780,-855,-941,-1033,-1131,-1240,-1349,-1465,-186,-410,-645,-875,-1084,-1286,-1490,-1654,-1780,-1912,-2040,-2157,-2262,-2385,-2524,-2655,-202,-428,-667,-904,-1121,-1325,-1569,-1803,-2038,-2267,-2495,-2710,-2926,-3153,-3382,-3602,-395,-747,-1053,-1379,-1694,-1991,-2302,-2602,-2963,-3332,-3697,-4053,-4412,-4763,-5114,-5482,-476,-983,-1469,-1990,-2524,-3042,-3567,-4073,-4557,-5062,-5595,-6101,-6600,-7071,-7528,-8001,-84,-161,-239,-326,-416,-502,-586,-664,-739,-825,-917,-1015,-1124,-1233,-1349,-224,-459,-689,-898,-1100,-1304,-1468,-1594,-1726,-1854,-1971,-2076,-2199,-2338,-2469,-226,-465,-702,-919,-1123,-1367,-1601,-1836,-2065,-2293,-2508,-2724,-2951,-3180,-3400,-352,-658,-984,-1299,-1596,-1907,-2207,-2568,-2937,-3302,-3658,-4017,-4368,-4719,-5087,-507,-993,-1514,-2048,-2566,-3091,-3597,-4081,-4586,-5119,-5625,-6124,-6595,-7052,-7525,-77,-155,-242,-332,-418,-502,-580,-655,-741,-833,-931,-1040,-1149,-1265,-235,-465,-674,-876,-1080,-1244,-1370,-1502,-1630,-1747,-1852,-1975,-2114,-2245,-239,-476,-693,-897,-1141,-1375,-1610,-1839,-2067,-2282,-2498,-2725,-2954,-3174,-306,-632,-947,-1244,-1555,-1855,-2216,-2585,-2950,-3306,-3665,-4016,-4367,-4735,-486,-1007,-1541,-2059,-2584,-3090,-3574,-4079,-4612,-5118,-5617,-6088,-6545,-7018,-78,-165,-255,-341,-425,-503,-578,-664,-756,-854,-963,-1072,-1188,-230,-439,-641,-845,-1009,-1135,-1267,-1395,-1512,-1617,-1740,-1879,-2010,-237,-454,-658,-902,-1136,-1371,-1600,-1828,-2043,-2259,-2486,-2715,-2935,-326,-641,-938,-1249,-1549,-1910,-2279,-2644,-3000,-3359,-3710,-4061,-4429,-521,-1055,-1573,-2098,-2604,-3088,-3593,-4126,-4632,-5131,-5602,-6059,-6532,-87,-177,-263,-347,-425,-500,-586,-678,-776,-885,-994,-1110,-209,-411,-615,-779,-905,-1037,-1165,-1282,-1387,-1510,-1649,-1780,-217,-421,-665,-899,-1134,-1363,-1591,-1806,-2022,-2249,-2478,-2698,-315,-612,-923,-1223,-1584,-1953,-2318,-2674,-3033,-3384,-3735,-4103,-534,-1052,-1577,-2083,-2567,-3072,-3605,-4111,-4610,-5081,-5538,-6011,-90,-176,-260,-338,-413,-499,-591,-689,-798,-907,-1023,-202,-406,-570,-696,-828,-956,-1073,-1178,-1301,-1440,-1571,-204,-448,-682,-917,-1146,-1374,-1589,-1805,-2032,-2261,-2481,-297,-608,-908,-1269,-1638,-2003,-2359,-2718,-3069,-3420,-3788,-518,-1043,-1549,-2033,-2538,-3071,-3577,-4076,-4547,-5004,-5477,-86,-170,-248,-323,-409,-501,-599,-708,-817,-933,-204,-368,-494,-626,-754,-871,-976,-1099,-1238,-1369,-244,-478,-713,-942,-1170,-1385,-1601,-1828,-2057,-2277,-311,-611,-972,-1341,-1706,-2062,-2421,-2772,-3123,-3491,-525,-1031,-1515,-2020,-2553,-3059,-3558,-4029,-4486,-4959,-84,-162,-237,-323,-415,-513,-622,-731,-847,-164,-290,-422,-550,-667,-772,-895,-1034,-1165,-234,-469,-698,-926,-1141,-1357,-1584,-1813,-2033,-300,-661,-1030,-1395,-1751,-2110,-2461,-2812,-3180,-506,-990,-1495,-2028,-2534,-3033,-3504,-3961,-4434,-78,-153,-239,-331,-429,-538,-647,-763,-126,-258,-386,-503,-608,-731,-870,-1001,-235,-464,-692,-907,-1123,-1350,-1579,-1799,-361,-730,-1095,-1451,-1810,-2161,-2512,-2880,-484,-989,-1522,-2028,-2527,-2998,-3455,-3928,-75,-161,-253,-351,-460,-569,-685,-132,-260,-377,-482,-605,-744,-875,-229,-457,-672,-888,-1115,-1344,-1564,-369,-734,-1090,-1449,-1800,-2151,-2519,-505,-1038,-1544,-2043,-2514,-2971,-3444,-86,-178,-276,-385,-494,-610,-128,-245,-350,-473,-612,-743,-228,-443,-659,-886,-1115,-1335,-365,-721,-1080,-1431,-1782,-2150,-533,-1039,-1538,-2009,-2466,-2939,-92,-190,-299,-408,-524,-117,-222,-345,-484,-615,-215,-431,-658,-887,-1107,-356,-715,-1066,-1417,-1785,-506,-1005,-1476,-1933,-2406,-98,-207,-316,-432,-105,-228,-367,-498,-216,-443,-672,-892,-359,-710,-1061,-1429,-499,-970,-1427,-1900,-109,-218,-334,-123,-262,-393,-227,-456,-676,-351,-702,-1070,-471,-928,-1401,-109,-225,-139,-270,-229,-449,-351,-719,-457,-930,-116,-131,-220,-368,-473,-73,-154,-261,-382,-501,-614,-725,-837,-952,-1060,-1159,-1253,-1346,-1433,-1514,-1591,-1665,-1736,-198,-342,-490,-703,-924,-1143,-1350,-1553,-1760,-1933,-2108,-2302,-2489,-2663,-2817,-2965,-3109,-3244,-330,-686,-952,-1180,-1412,-1649,-1884,-2110,-2361,-2641,-2979,-3312,-3646,-3971,-4293,-4602,-4908,-5215,-386,-845,-1305,-1760,-2177,-2628,-3087,-3527,-3963,-4373,-4829,-5315,-5804,-6276,-6731,-7147,-7558,-7984,-437,-893,-1348,-1870,-2413,-2968,-3536,-4122,-4720,-5331,-5893,-6468,-7085,-7677,-8239,-8770,-9273,-9791,-81,-188,-309,-428,-541,-652,-764,-879,-987,-1086,-1180,-1273,-1360,-1441,-1518,-1592,-1663,-144,-292,-505,-726,-945,-1152,-1355,-1562,-1735,-1910,-2104,-2291,-2465,-2619,-2767,-2911,-3046,-356,-622,-850,-1082,-1319,-1554,-1780,-2031,-2311,-2649,-2982,-3316,-3641,-3963,-4272,-4578,-4885,-459,-919,-1374,-1791,-2242,-2701,-3141,-3577,-3987,-4443,-4929,-5418,-5890,-6345,-6761,-7172,-7598,-456,-911,-1433,-1976,-2531,-3099,-3685,-4283,-4894,-5456,-6031,-6648,-7240,-7802,-8333,-8836,-9354,-107,-228,-347,-460,-571,-683,-798,-906,-1005,-1099,-1192,-1279,-1360,-1437,-1511,-1582,-148,-361,-582,-801,-1008,-1211,-1418,-1591,-1766,-1960,-2147,-2321,-2475,-2623,-2767,-2902,-266,-494,-726,-963,-1198,-1424,-1675,-1955,-2293,-2626,-2960,-3285,-3607,-3916,-4222,-4529,-460,-915,-1332,-1783,-2242,-2682,-3118,-3528,-3984,-4470,-4959,-5431,-5886,-6302,-6713,-7139,-455,-977,-1520,-2075,-2643,-3229,-3827,-4438,-5000,-5575,-6192,-6784,-7346,-7877,-8380,-8898,-121,-240,-353,-464,-576,-691,-799,-898,-992,-1085,-1172,-1253,-1330,-1404,-1475,-213,-434,-653,-860,-1063,-1270,-1443,-1618,-1812,-1999,-2173,-2327,-2475,-2619,-2754,-228,-460,-697,-932,-1158,-1409,-1689,-2027,-2360,-2694,-3019,-3341,-3650,-3956,-4263,-455,-872,-1323,-1782,-2222,-2658,-3068,-3524,-4010,-4499,-4971,-5426,-5842,-6253,-6679,-522,-1065,-1620,-2188,-2774,-3372,-3983,-4545,-5120,-5737,-6329,-6891,-7422,-7925,-8443,-119,-232,-343,-455,-570,-678,-777,-871,-964,-1051,-1132,-1209,-1283,-1354,-221,-440,-647,-850,-1057,-1230,-1405,-1599,-1786,-1960,-2114,-2262,-2406,-2541,-232,-469,-704,-930,-1181,-1461,-1799,-2132,-2466,-2791,-3113,-3422,-3728,-4035,-417,-868,-1327,-1767,-2203,-2613,-3069,-3555,-4044,-4516,-4971,-5387,-5798,-6224,-543,-1098,-1666,-2252,-2850,-3461,-4023,-4598,-5215,-5807,-6369,-6900,-7403,-7921,-113,-224,-336,-451,-559,-658,-752,-845,-932,-1013,-1090,-1164,-1235,-219,-426,-629,-836,-1009,-1184,-1378,-1565,-1739,-1893,-2041,-2185,-2320,-237,-472,-698,-949,-1229,-1567,-1900,-2234,-2559,-2881,-3190,-3496,-3803,-451,-910,-1350,-1786,-2196,-2652,-3138,-3627,-4099,-4554,-4970,-5381,-5807,-555,-1123,-1709,-2307,-2918,-3480,-4055,-4672,-5264,-5826,-6357,-6860,-7378,-111,-223,-338,-446,-545,-639,-732,-819,-900,-977,-1051,-1122,-207,-410,-617,-790,-965,-1159,-1346,-1520,-1674,-1822,-1966,-2101,-235,-461,-712,-992,-1330,-1663,-1997,-2322,-2644,-2953,-3259,-3566,-459,-899,-1335,-1745,-2201,-2687,-3176,-3648,-4103,-4519,-4930,-5356,-568,-1154,-1752,-2363,-2925,-3500,-4117,-4709,-5271,-5802,-6305,-6823,-112,-227,-335,-434,-528,-621,-708,-789,-866,-940,-1011,-203,-410,-583,-758,-952,-1139,-1313,-1467,-1615,-1759,-1894,-226,-477,-757,-1095,-1428,-1762,-2087,-2409,-2718,-3024,-3331,-440,-876,-1286,-1742,-2228,-2717,-3189,-3644,-4060,-4471,-4897,-586,-1184,-1795,-2357,-2932,-3549,-4141,-4703,-5234,-5737,-6255,-115,-223,-322,-416,-509,-596,-677,-754,-828,-899,-207,-380,-555,-749,-936,-1110,-1264,-1412,-1556,-1691,-251,-531,-869,-1202,-1536,-1861,-2183,-2492,-2798,-3105,-436,-846,-1302,-1788,-2277,-2749,-3204,-3620,-4031,-4457,-598,-1209,-1771,-2346,-2963,-3555,-4117,-4648,-5151,-5669,-108,-207,-301,-394,-481,-562,-639,-713,-784,-173,-348,-542,-729,-903,-1057,-1205,-1349,-1484,-280,-618,-951,-1285,-1610,-1932,-2241,-2547,-2854,-410,-866,-1352,-1841,-2313,-2768,-3184,-3595,-4021,-611,-1173,-1748,-2365,-2957,-3519,-4050,-4553,-5071,-99,-193,-286,-373,-454,-531,-605,-676,-175,-369,-556,-730,-884,-1032,-1176,-1311,-338,-671,-1005,-1330,-1652,-1961,-2267,-2574,-456,-942,-1431,-1903,-2358,-2774,-3185,-3611,-562,-1137,-1754,-2346,-2908,-3439,-3942,-4460,-94,-187,-274,-355,-432,-506,-577,-194,-381,-555,-709,-857,-1001,-1136,-333,-667,-992,-1314,-1623,-1929,-2236,-486,-975,-1447,-1902,-2318,-2729,-3155,-575,-1192,-1784,-2346,-2877,-3380,-3898,-93,-180,-261,-338,-412,-483,-187,-361,-515,-663,-807,-942,-334,-659,-981,-1290,-1596,-1903,-489,-961,-1416,-1832,-2243,-2669,-617,-1209,-1771,-2302,-2805,-3323,-87,-168,-245,-319,-390,-174,-328,-476,-620,-755,-325,-647,-956,-1262,-1569,-472,-927,-1343,-1754,-2180,-592,-1154,-1685,-2188,-2706,-81,-158,-232,-303,-154,-302,-446,-581,-322,-631,-937,-1244,-455,-871,-1282,-1708,-562,-1093,-1596,-2114,-77,-151,-222,-148,-292,-427,-309,-615,-922,-416,-827,-1253,-531,-1034,-1552,-74,-145,-144,-279,-306,-613,-411,-837,-503,-1021,-71,-135,-307,-426,-518,-107,-205,-300,-401,-517,-641,-759,-868,-975,-1081,-1197,-1327,-1457,-1579,-1689,-1796,-1906,-2013,-269,-534,-730,-919,-1108,-1298,-1510,-1730,-1975,-2227,-2486,-2740,-3003,-3268,-3533,-3786,-4022,-4256,-328,-719,-1079,-1364,-1631,-1925,-2227,-2523,-2821,-3137,-3528,-3934,-4337,-4743,-5146,-5533,-5920,-6316,-417,-889,-1388,-1888,-2354,-2849,-3382,-3908,-4431,-4937,-5423,-5954,-6512,-7058,-7587,-8079,-8549,-9036,-98,-193,-294,-410,-534,-652,-761,-868,-974,-1090,-1220,-1350,-1472,-1582,-1689,-1799,-1906,-265,-461,-650,-839,-1029,-1241,-1461,-1706,-1958,-2217,-2471,-2734,-2999,-3264,-3517,-3753,-3987,-391,-751,-1036,-1303,-1597,-1899,-2195,-2493,-2809,-3200,-3606,-4009,-4415,-4818,-5205,-5592,-5988,-472,-971,-1471,-1937,-2432,-2965,-3491,-4014,-4520,-5006,-5537,-6095,-6641,-7170,-7662,-8132,-8619,-95,-196,-312,-436,-554,-663,-770,-876,-992,-1122,-1252,-1374,-1484,-1591,-1701,-1808,-196,-385,-574,-764,-976,-1196,-1441,-1693,-1952,-2206,-2469,-2734,-2999,-3252,-3488,-3722,-360,-645,-912,-1206,-1508,-1804,-2102,-2418,-2809,-3215,-3618,-4024,-4427,-4814,-5201,-5597,-499,-999,-1465,-1960,-2493,-3019,-3542,-4048,-4534,-5065,-5623,-6169,-6698,-7190,-7660,-8147,-101,-217,-341,-459,-568,-675,-781,-897,-1027,-1157,-1279,-1389,-1496,-1606,-1713,-189,-378,-568,-780,-1000,-1245,-1497,-1756,-2010,-2273,-2538,-2803,-3056,-3292,-3526,-285,-552,-846,-1148,-1444,-1742,-2058,-2449,-2855,-3258,-3664,-4067,-4454,-4841,-5237,-500,-966,-1461,-1994,-2520,-3043,-3549,-4035,-4566,-5124,-5670,-6199,-6691,-7161,-7648,-116,-240,-358,-467,-574,-680,-796,-926,-1056,-1178,-1288,-1395,-1505,-1612,-189,-379,-591,-811,-1056,-1308,-1567,-1821,-2084,-2349,-2614,-2867,-3103,-3337,-267,-561,-863,-1159,-1457,-1773,-2164,-2570,-2973,-3379,-3782,-4169,-4556,-4952,-466,-961,-1494,-2020,-2543,-3049,-3535,-4066,-4624,-5170,-5699,-6191,-6661,-7148,-124,-242,-351,-458,-564,-680,-810,-940,-1062,-1172,-1279,-1389,-1496,-190,-402,-622,-867,-1119,-1378,-1632,-1895,-2160,-2425,-2678,-2914,-3148,-294,-596,-892,-1190,-1506,-1897,-2303,-2706,-3112,-3515,-3902,-4289,-4685,-495,-1028,-1554,-2077,-2583,-3069,-3600,-4158,-4704,-5233,-5725,-6195,-6682,-118,-227,-334,-440,-556,-686,-816,-938,-1048,-1155,-1265,-1372,-212,-432,-677,-929,-1188,-1442,-1705,-1970,-2235,-2488,-2724,-2958,-302,-598,-896,-1212,-1603,-2009,-2412,-2818,-3221,-3608,-3995,-4391,-533,-1059,-1582,-2088,-2574,-3105,-3663,-4209,-4738,-5230,-5700,-6187,-109,-216,-322,-438,-568,-698,-820,-930,-1037,-1147,-1254,-220,-465,-717,-976,-1230,-1493,-1758,-2023,-2276,-2512,-2746,-296,-594,-910,-1301,-1707,-2110,-2516,-2919,-3306,-3693,-4089,-526,-1049,-1555,-2041,-2572,-3130,-3676,-4205,-4697,-5167,-5654,-107,-213,-329,-459,-589,-711,-821,-928,-1038,-1145,-245,-497,-756,-1010,-1273,-1538,-1803,-2056,-2292,-2526,-298,-614,-1005,-1411,-1814,-2220,-2623,-3010,-3397,-3793,-523,-1029,-1515,-2046,-2604,-3150,-3679,-4171,-4641,-5128,-106,-222,-352,-482,-604,-714,-821,-931,-1038,-252,-511,-765,-1028,-1293,-1558,-1811,-2047,-2281,-316,-707,-1113,-1516,-1922,-2325,-2712,-3099,-3495,-506,-992,-1523,-2081,-2627,-3156,-3648,-4118,-4605,-116,-246,-376,-498,-608,-715,-825,-932,-259,-513,-776,-1041,-1306,-1559,-1795,-2029,-391,-797,-1200,-1606,-2009,-2396,-2783,-3179,-486,-1017,-1575,-2121,-2650,-3142,-3612,-4099,-130,-260,-382,-492,-599,-709,-816,-254,-517,-782,-1047,-1300,-1536,-1770,-406,-809,-1215,-1618,-2005,-2392,-2788,-531,-1089,-1635,-2164,-2656,-3126,-3613,-130,-252,-362,-469,-579,-686,-263,-528,-793,-1046,-1282,-1516,-403,-809,-1212,-1599,-1986,-2382,-558,-1104,-1633,-2125,-2595,-3082,-122,-232,-339,-449,-556,-265,-530,-783,-1019,-1253,-406,-809,-1196,-1583,-1979,-546,-1075,-1567,-2037,-2524,-110,-217,-327,-434,-265,-518,-754,-988,-403,-790,-1177,-1573,-529,-1021,-1491,-1978,-107,-217,-324,-253,-489,-723,-387,-774,-1170,-492,-962,-1449,-110,-217,-236,-470,-387,-783,-470,-957,-107,-234,-396,-487,-128,-256,-386,-512,-626,-734,-858,-994,-1128,-1256,-1380,-1507,-1639,-1776,-1909,-2037,-2155,-2276,-251,-540,-780,-950,-1130,-1315,-1515,-1713,-1939,-2211,-2498,-2778,-3070,-3363,-3659,-3951,-4239,-4529,-319,-686,-1111,-1511,-1872,-2260,-2674,-3093,-3498,-3862,-4247,-4667,-5086,-5510,-5917,-6303,-6689,-7089,-415,-822,-1266,-1775,-2288,-2811,-3380,-3966,-4553,-5133,-5635,-6157,-6722,-7282,-7827,-8351,-8845,-9340,-128,-258,-384,-498,-606,-730,-866,-1000,-1128,-1252,-1379,-1511,-1648,-1781,-1909,-2027,-2148,-289,-529,-699,-879,-1064,-1264,-1462,-1688,-1960,-2247,-2527,-2819,-3112,-3408,-3700,-3988,-4278,-367,-792,-1192,-1553,-1941,-2355,-2774,-3179,-3543,-3928,-4348,-4767,-5191,-5598,-5984,-6370,-6770,-407,-851,-1360,-1873,-2396,-2965,-3551,-4138,-4718,-5220,-5742,-6307,-6867,-7412,-7936,-8430,-8925,-130,-256,-370,-478,-602,-738,-872,-1000,-1124,-1251,-1383,-1520,-1653,-1781,-1899,-2020,-240,-410,-590,-775,-975,-1173,-1399,-1671,-1958,-2238,-2530,-2823,-3119,-3411,-3699,-3989,-425,-825,-1186,-1574,-1988,-2407,-2812,-3176,-3561,-3981,-4400,-4824,-5231,-5617,-6003,-6403,-444,-953,-1466,-1989,-2558,-3144,-3731,-4311,-4813,-5335,-5900,-6460,-7005,-7529,-8023,-8518,-126,-240,-348,-472,-608,-742,-870,-994,-1121,-1253,-1390,-1523,-1651,-1769,-1890,-170,-350,-535,-735,-933,-1159,-1431,-1718,-1998,-2290,-2583,-2879,-3171,-3459,-3749,-400,-761,-1149,-1563,-1982,-2387,-2751,-3136,-3556,-3975,-4399,-4806,-5192,-5578,-5978,-509,-1022,-1545,-2114,-2700,-3287,-3867,-4369,-4891,-5456,-6016,-6561,-7085,-7579,-8074,-114,-222,-346,-482,-616,-744,-868,-995,-1127,-1264,-1397,-1525,-1643,-1764,-180,-365,-565,-763,-989,-1261,-1548,-1828,-2120,-2413,-2709,-3001,-3289,-3579,-361,-749,-1163,-1582,-1987,-2351,-2736,-3156,-3575,-3999,-4406,-4792,-5178,-5578,-513,-1036,-1605,-2191,-2778,-3358,-3860,-4382,-4947,-5507,-6052,-6576,-7070,-7565,-108,-232,-368,-502,-630,-754,-881,-1013,-1150,-1283,-1411,-1529,-1650,-185,-385,-583,-809,-1081,-1368,-1648,-1940,-2233,-2529,-2821,-3109,-3399,-388,-802,-1221,-1626,-1990,-2375,-2795,-3214,-3638,-4045,-4431,-4817,-5217,-523,-1092,-1678,-2265,-2845,-3347,-3869,-4434,-4994,-5539,-6063,-6557,-7052,-124,-260,-394,-522,-646,-773,-905,-1042,-1175,-1303,-1421,-1542,-200,-398,-624,-896,-1183,-1463,-1755,-2048,-2344,-2636,-2924,-3214,-414,-833,-1238,-1602,-1987,-2407,-2826,-3250,-3657,-4043,-4429,-4829,-569,-1155,-1742,-2322,-2824,-3346,-3911,-4471,-5016,-5540,-6034,-6529,-136,-270,-398,-522,-649,-781,-918,-1051,-1179,-1297,-1418,-198,-424,-696,-983,-1263,-1555,-1848,-2144,-2436,-2724,-3014,-419,-824,-1188,-1573,-1993,-2412,-2836,-3243,-3629,-4015,-4415,-586,-1173,-1753,-2255,-2777,-3342,-3902,-4447,-4971,-5465,-5960,-134,-262,-386,-513,-645,-782,-915,-1043,-1161,-1282,-226,-498,-785,-1065,-1357,-1650,-1946,-2238,-2526,-2816,-405,-769,-1154,-1574,-1993,-2417,-2824,-3210,-3596,-3996,-587,-1167,-1669,-2191,-2756,-3316,-3861,-4385,-4879,-5374,-128,-252,-379,-511,-648,-781,-909,-1027,-1148,-272,-559,-839,-1131,-1424,-1720,-2012,-2300,-2590,-364,-749,-1169,-1588,-2012,-2419,-2805,-3191,-3591,-580,-1082,-1604,-2169,-2729,-3274,-3798,-4292,-4787,-124,-251,-383,-520,-653,-781,-899,-1020,-287,-567,-859,-1152,-1448,-1740,-2028,-2318,-385,-805,-1224,-1648,-2055,-2441,-2827,-3227,-502,-1024,-1589,-2149,-2694,-3218,-3712,-4207,-127,-259,-396,-529,-657,-775,-896,-280,-572,-865,-1161,-1453,-1741,-2031,-420,-839,-1263,-1670,-2056,-2442,-2842,-522,-1087,-1647,-2192,-2716,-3210,-3705,-132,-269,-402,-530,-648,-769,-292,-585,-881,-1173,-1461,-1751,-419,-843,-1250,-1636,-2022,-2422,-565,-1125,-1670,-2194,-2688,-3183,-137,-270,-398,-516,-637,-293,-589,-881,-1169,-1459,-424,-831,-1217,-1603,-2003,-560,-1105,-1629,-2123,-2618,-133,-261,-379,-500,-296,-588,-876,-1166,-407,-793,-1179,-1579,-545,-1069,-1563,-2058,-128,-246,-367,-292,-580,-870,-386,-772,-1172,-524,-1018,-1513,-118,-239,-288,-578,-386,-786,-494,-989,-121,-290,-400,-495,-121,-236,-351,-469,-595,-727,-865,-1004,-1154,-1303,-1447,-1591,-1737,-1884,-2029,-2172,-2312,-2446,-217,-448,-705,-922,-1137,-1361,-1585,-1809,-2023,-2245,-2502,-2775,-3046,-3322,-3589,-3857,-4133,-4411,-337,-673,-1080,-1522,-1926,-2350,-2806,-3266,-3737,-4157,-4530,-4944,-5370,-5795,-6205,-6592,-6961,-7338,-400,-721,-1049,-1460,-1938,-2418,-2929,-3489,-4090,-4693,-5206,-5715,-6261,-6808,-7339,-7861,-8366,-8859,-115,-230,-348,-474,-606,-744,-883,-1033,-1182,-1326,-1470,-1616,-1763,-1908,-2051,-2191,-2325,-231,-488,-705,-920,-1144,-1368,-1592,-1806,-2028,-2285,-2558,-2829,-3105,-3372,-3640,-3916,-4194,-336,-743,-1185,-1589,-2013,-2469,-2929,-3400,-3820,-4193,-4607,-5033,-5458,-5868,-6255,-6624,-7001,-321,-649,-1060,-1538,-2018,-2529,-3089,-3690,-4293,-4806,-5315,-5861,-6408,-6939,-7461,-7966,-8459,-115,-233,-359,-491,-629,-768,-918,-1067,-1211,-1355,-1501,-1648,-1793,-1936,-2076,-2210,-257,-474,-689,-913,-1137,-1361,-1575,-1797,-2054,-2327,-2598,-2874,-3141,-3409,-3685,-3963,-407,-849,-1253,-1677,-2133,-2593,-3064,-3484,-3857,-4271,-4697,-5122,-5532,-5919,-6288,-6665,-328,-739,-1217,-1697,-2208,-2768,-3369,-3972,-4485,-4994,-5540,-6087,-6618,-7140,-7645,-8138,-118,-244,-376,-514,-653,-803,-952,-1096,-1240,-1386,-1533,-1678,-1821,-1961,-2095,-217,-432,-656,-880,-1104,-1318,-1540,-1797,-2070,-2341,-2617,-2884,-3152,-3428,-3706,-442,-846,-1270,-1726,-2186,-2657,-3077,-3450,-3864,-4290,-4715,-5125,-5512,-5881,-6258,-411,-889,-1369,-1880,-2440,-3041,-3644,-4157,-4666,-5212,-5759,-6290,-6812,-7317,-7810,-126,-258,-396,-535,-685,-834,-978,-1122,-1268,-1415,-1560,-1703,-1843,-1977,-215,-439,-663,-887,-1101,-1323,-1580,-1853,-2124,-2400,-2667,-2935,-3211,-3489,-404,-828,-1284,-1744,-2215,-2635,-3008,-3422,-3848,-4273,-4683,-5070,-5439,-5816,-478,-958,-1469,-2029,-2630,-3233,-3746,-4255,-4801,-5348,-5879,-6401,-6906,-7399,-132,-270,-409,-559,-708,-852,-996,-1142,-1289,-1434,-1577,-1717,-1851,-224,-448,-672,-886,-1108,-1365,-1638,-1909,-2185,-2452,-2720,-2996,-3274,-424,-880,-1340,-1811,-2231,-2604,-3018,-3444,-3869,-4279,-4666,-5035,-5412,-480,-991,-1551,-2152,-2755,-3268,-3777,-4323,-4870,-5401,-5923,-6428,-6921,-138,-277,-427,-576,-720,-864,-1010,-1157,-1302,-1445,-1585,-1719,-224,-448,-662,-884,-1141,-1414,-1685,-1961,-2228,-2496,-2772,-3050,-456,-916,-1387,-1807,-2180,-2594,-3020,-3445,-3855,-4242,-4611,-4988,-511,-1071,-1672,-2275,-2788,-3297,-3843,-4390,-4921,-5443,-5948,-6441,-139,-289,-438,-582,-726,-872,-1019,-1164,-1307,-1447,-1581,-224,-438,-660,-917,-1190,-1461,-1737,-2004,-2272,-2548,-2826,-460,-931,-1351,-1724,-2138,-2564,-2989,-3399,-3786,-4155,-4532,-560,-1161,-1764,-2277,-2786,-3332,-3879,-4410,-4932,-5437,-5930,-150,-299,-443,-587,-733,-880,-1025,-1168,-1308,-1442,-214,-436,-693,-966,-1237,-1513,-1780,-2048,-2324,-2602,-471,-891,-1264,-1678,-2104,-2529,-2939,-3326,-3695,-4072,-601,-1204,-1717,-2226,-2772,-3319,-3850,-4372,-4877,-5370,-149,-293,-437,-583,-730,-875,-1018,-1158,-1292,-222,-479,-752,-1023,-1299,-1566,-1834,-2110,-2388,-420,-793,-1207,-1633,-2058,-2468,-2855,-3224,-3601,-603,-1116,-1625,-2171,-2718,-3249,-3771,-4276,-4769,-144,-288,-434,-581,-726,-869,-1009,-1143,-257,-530,-801,-1077,-1344,-1612,-1888,-2166,-373,-787,-1213,-1638,-2048,-2435,-2804,-3181,-513,-1022,-1568,-2115,-2646,-3168,-3673,-4166,-144,-290,-437,-582,-725,-865,-999,-273,-544,-820,-1087,-1355,-1631,-1909,-414,-840,-1265,-1675,-2062,-2431,-2808,-509,-1055,-1602,-2133,-2655,-3160,-3653,-146,-293,-438,-581,-721,-855,-271,-547,-814,-1082,-1358,-1636,-426,-851,-1261,-1648,-2017,-2394,-546,-1093,-1624,-2146,-2651,-3144,-147,-292,-435,-575,-709,-276,-543,-811,-1087,-1365,-425,-835,-1222,-1591,-1968,-547,-1078,-1600,-2105,-2598,-145,-288,-428,-562,-267,-535,-811,-1089,-410,-797,-1166,-1543,-531,-1053,-1558,-2051,-143,-283,-417,-268,-544,-822,-387,-756,-1133,-522,-1027,-1520,-140,-274,-276,-554,-369,-746,-505,-998,-134,-278,-377,-493,-126,-249,-370,-474,-585,-695,-815,-938,-1070,-1206,-1335,-1471,-1612,-1753,-1888,-2022,-2158,-2295,-213,-404,-661,-949,-1214,-1498,-1798,-2113,-2416,-2652,-2899,-3175,-3438,-3712,-3973,-4223,-4476,-4727,-370,-698,-1028,-1417,-1813,-2208,-2643,-3084,-3554,-4014,-4386,-4775,-5201,-5621,-6032,-6429,-6803,-7173,-123,-244,-348,-459,-569,-689,-812,-944,-1080,-1209,-1345,-1486,-1627,-1762,-1896,-2032,-2169,-191,-448,-736,-1001,-1285,-1585,-1900,-2203,-2439,-2686,-2962,-3225,-3499,-3760,-4010,-4263,-4514,-328,-658,-1047,-1443,-1838,-2273,-2714,-3184,-3644,-4016,-4405,-4831,-5251,-5662,-6059,-6433,-6803,-121,-225,-336,-446,-566,-689,-821,-957,-1086,-1222,-1363,-1504,-1639,-1773,-1909,-2046,-257,-545,-810,-1094,-1394,-1709,-2012,-2248,-2495,-2771,-3034,-3308,-3569,-3819,-4072,-4323,-330,-719,-1115,-1510,-1945,-2386,-2856,-3316,-3688,-4077,-4503,-4923,-5334,-5731,-6105,-6475,-104,-215,-325,-445,-568,-700,-836,-965,-1101,-1242,-1383,-1518,-1652,-1788,-1925,-288,-553,-837,-1137,-1452,-1755,-1991,-2238,-2514,-2777,-3051,-3312,-3562,-3815,-4066,-389,-785,-1180,-1615,-2056,-2526,-2986,-3358,-3747,-4173,-4593,-5004,-5401,-5775,-6145,-111,-221,-341,-464,-596,-732,-861,-997,-1138,-1279,-1414,-1548,-1684,-1821,-265,-549,-849,-1164,-1467,-1703,-1950,-2226,-2489,-2763,-3024,-3274,-3527,-3778,-396,-791,-1226,-1667,-2137,-2597,-2969,-3358,-3784,-4204,-4615,-5012,-5386,-5756,-110,-230,-353,-485,-621,-750,-886,-1027,-1168,-1303,-1437,-1573,-1710,-284,-584,-899,-1202,-1438,-1685,-1961,-2224,-2498,-2759,-3009,-3262,-3513,-395,-830,-1271,-1741,-2201,-2573,-2962,-3388,-3808,-4219,-4616,-4990,-5360,-120,-243,-375,-511,-640,-776,-917,-1058,-1193,-1327,-1463,-1600,-300,-615,-918,-1154,-1401,-1677,-1940,-2214,-2475,-2725,-2978,-3229,-435,-876,-1346,-1806,-2178,-2567,-2993,-3413,-3824,-4221,-4595,-4965,-123,-255,-391,-520,-656,-797,-938,-1073,-1207,-1343,-1480,-315,-618,-854,-1101,-1377,-1640,-1914,-2175,-2425,-2678,-2929,-441,-911,-1371,-1743,-2132,-2558,-2978,-3389,-3786,-4160,-4530,-132,-268,-397,-533,-674,-815,-950,-1084,-1220,-1357,-303,-539,-786,-1062,-1325,-1599,-1860,-2110,-2363,-2614,-470,-930,-1302,-1691,-2117,-2537,-2948,-3345,-3719,-4089,-136,-265,-401,-542,-683,-818,-952,-1088,-1225,-236,-483,-759,-1022,-1296,-1557,-1807,-2060,-2311,-460,-832,-1221,-1647,-2067,-2478,-2875,-3249,-3619,-129,-265,-406,-547,-682,-816,-952,-1089,-247,-523,-786,-1060,-1321,-1571,-1824,-2075,-372,-761,-1187,-1607,-2018,-2415,-2789,-3159,-136,-277,-418,-553,-687,-823,-960,-276,-539,-813,-1074,-1324,-1577,-1828,-389,-815,-1235,-1646,-2043,-2417,-2787,-141,-282,-417,-551,-687,-824,-263,-537,-798,-1048,-1301,-1552,-426,-846,-1257,-1654,-2028,-2398,-141,-276,-410,-546,-683,-274,-535,-785,-1038,-1289,-420,-831,-1228,-1602,-1972,-135,-269,-405,-542,-261,-511,-764,-1015,-411,-808,-1182,-1552,-134,-270,-407,-250,-503,-754,-397,-771,-1141,-136,-273,-253,-504,-374,-744,-137,-251,-370,-123,-232,-346,-458,-564,-671,-779,-891,-1009,-1129,-1256,-1387,-1517,-1653,-1790,-1930,-2064,-2195,-255,-496,-747,-1019,-1270,-1536,-1834,-2139,-2482,-2786,-3045,-3326,-3613,-3902,-4186,-4456,-4712,-4971,-335,-610,-838,-1101,-1416,-1729,-2070,-2430,-2831,-3273,-3661,-4040,-4453,-4868,-5290,-5712,-6118,-6506,-109,-223,-335,-441,-548,-656,-768,-886,-1006,-1133,-1264,-1394,-1530,-1667,-1807,-1941,-2072,-241,-492,-764,-1015,-1281,-1579,-1884,-2227,-2531,-2790,-3071,-3358,-3647,-3931,-4201,-4457,-4716,-275,-503,-766,-1081,-1394,-1735,-2095,-2496,-2938,-3326,-3705,-4118,-4533,-4955,-5377,-5783,-6171,-114,-226,-332,-439,-547,-659,-777,-897,-1024,-1155,-1285,-1421,-1558,-1698,-1832,-1963,-251,-523,-774,-1040,-1338,-1643,-1986,-2290,-2549,-2830,-3117,-3406,-3690,-3960,-4216,-4475,-228,-491,-806,-1119,-1460,-1820,-2221,-2663,-3051,-3430,-3843,-4258,-4680,-5102,-5508,-5896,-112,-218,-325,-433,-545,-663,-783,-910,-1041,-1171,-1307,-1444,-1584,-1718,-1849,-272,-523,-789,-1087,-1392,-1735,-2039,-2298,-2579,-2866,-3155,-3439,-3709,-3965,-4224,-263,-578,-891,-1232,-1592,-1993,-2435,-2823,-3202,-3615,-4030,-4452,-4874,-5280,-5668,-106,-213,-321,-433,-551,-671,-798,-929,-1059,-1195,-1332,-1472,-1606,-1737,-251,-517,-815,-1120,-1463,-1767,-2026,-2307,-2594,-2883,-3167,-3437,-3693,-3952,-315,-628,-969,-1329,-1730,-2172,-2560,-2939,-3352,-3767,-4189,-4611,-5017,-5405,-107,-215,-327,-445,-565,-692,-823,-953,-1089,-1226,-1366,-1500,-1631,-266,-564,-869,-1212,-1516,-1775,-2056,-2343,-2632,-2916,-3186,-3442,-3701,-313,-654,-1014,-1415,-1857,-2245,-2624,-3037,-3452,-3874,-4296,-4702,-5090,-108,-220,-338,-458,-585,-716,-846,-982,-1119,-1259,-1393,-1524,-298,-603,-946,-1250,-1509,-1790,-2077,-2366,-2650,-2920,-3176,-3435,-341,-701,-1102,-1544,-1932,-2311,-2724,-3139,-3561,-3983,-4389,-4777,-112,-230,-350,-477,-608,-738,-874,-1011,-1151,-1285,-1416,-305,-648,-952,-1211,-1492,-1779,-2068,-2352,-2622,-2878,-3137,-360,-761,-1203,-1591,-1970,-2383,-2798,-3220,-3642,-4048,-4436,-118,-238,-365,-496,-626,-762,-899,-1039,-1173,-1304,-343,-647,-906,-1187,-1474,-1763,-2047,-2317,-2573,-2832,-401,-843,-1231,-1610,-2023,-2438,-2860,-3282,-3688,-4076,-120,-247,-378,-508,-644,-781,-921,-1055,-1186,-304,-563,-844,-1131,-1420,-1704,-1974,-2230,-2489,-442,-830,-1209,-1622,-2037,-2459,-2881,-3287,-3675,-127,-258,-388,-524,-661,-801,-935,-1066,-259,-540,-827,-1116,-1400,-1670,-1926,-2185,-388,-767,-1180,-1595,-2017,-2439,-2845,-3233,-131,-261,-397,-534,-674,-808,-939,-281,-568,-857,-1141,-1411,-1667,-1926,-379,-792,-1207,-1629,-2051,-2457,-2845,-130,-266,-403,-543,-677,-808,-287,-576,-860,-1130,-1386,-1645,-413,-828,-1250,-1672,-2078,-2466,-136,-273,-413,-547,-678,-289,-573,-843,-1099,-1358,-415,-837,-1259,-1665,-2053,-137,-277,-411,-542,-284,-554,-810,-1069,-422,-844,-1250,-1638,-140,-274,-405,-270,-526,-785,-422,-828,-1216,-134,-265,-256,-515,-406,-794,-131,-259,-388,-124,-234,-344,-463,-588,-720,-864,-1015,-1171,-1304,-1439,-1578,-1715,-1856,-1992,-2123,-2261,-2395,-284,-561,-787,-997,-1207,-1409,-1631,-1848,-2111,-2416,-2675,-2933,-3221,-3505,-3794,-4080,-4347,-4618,-297,-529,-702,-881,-1135,-1395,-1660,-1973,-2332,-2726,-3123,-3496,-3878,-4276,-4674,-5087,-5506,-5911,-110,-220,-339,-464,-596,-740,-891,-1047,-1180,-1315,-1454,-1591,-1732,-1868,-1999,-2137,-2271,-277,-503,-713,-923,-1125,-1347,-1564,-1827,-2132,-2391,-2649,-2937,-3221,-3510,-3796,-4063,-4334,-232,-405,-584,-838,-1098,-1363,-1676,-2035,-2429,-2826,-3199,-3581,-3979,-4377,-4790,-5209,-5614,-110,-229,-354,-486,-630,-781,-937,-1070,-1205,-1344,-1481,-1622,-1758,-1889,-2027,-2161,-226,-436,-646,-848,-1070,-1287,-1550,-1855,-2114,-2372,-2660,-2944,-3233,-3519,-3786,-4057,-173,-352,-606,-866,-1131,-1444,-1803,-2197,-2594,-2967,-3349,-3747,-4145,-4558,-4977,-5382,-119,-244,-376,-520,-671,-827,-960,-1095,-1234,-1371,-1512,-1648,-1779,-1917,-2051,-210,-420,-622,-844,-1061,-1324,-1629,-1888,-2146,-2434,-2718,-3007,-3293,-3560,-3831,-179,-433,-693,-958,-1271,-1630,-2024,-2421,-2794,-3176,-3574,-3972,-4385,-4804,-5209,-125,-257,-401,-552,-708,-841,-976,-1115,-1252,-1393,-1529,-1660,-1798,-1932,-210,-412,-634,-851,-1114,-1419,-1678,-1936,-2224,-2508,-2797,-3083,-3350,-3621,-254,-514,-779,-1092,-1451,-1845,-2242,-2615,-2997,-3395,-3793,-4206,-4625,-5030,-132,-276,-427,-583,-716,-851,-990,-1127,-1268,-1404,-1535,-1673,-1807,-202,-424,-641,-904,-1209,-1468,-1726,-2014,-2298,-2587,-2873,-3140,-3411,-260,-525,-838,-1197,-1591,-1988,-2361,-2743,-3141,-3539,-3952,-4371,-4776,-144,-295,-451,-584,-719,-858,-995,-1136,-1272,-1403,-1541,-1675,-222,-439,-702,-1007,-1266,-1524,-1812,-2096,-2385,-2671,-2938,-3209,-265,-578,-937,-1331,-1728,-2101,-2483,-2881,-3279,-3692,-4111,-4516,-151,-307,-440,-575,-714,-851,-992,-1128,-1259,-1397,-1531,-217,-480,-785,-1044,-1302,-1590,-1874,-2163,-2449,-2716,-2987,-313,-672,-1066,-1463,-1836,-2218,-2616,-3014,-3427,-3846,-4251,-156,-289,-424,-563,-700,-841,-977,-1108,-1246,-1380,-263,-568,-827,-1085,-1373,-1657,-1946,-2232,-2499,-2770,-359,-753,-1150,-1523,-1905,-2303,-2701,-3114,-3533,-3938,-133,-268,-407,-544,-685,-821,-952,-1090,-1224,-305,-564,-822,-1110,-1394,-1683,-1969,-2236,-2507,-394,-791,-1164,-1546,-1944,-2342,-2755,-3174,-3579,-135,-274,-411,-552,-688,-819,-957,-1091,-259,-517,-805,-1089,-1378,-1664,-1931,-2202,-397,-770,-1152,-1550,-1948,-2361,-2780,-3185,-139,-276,-417,-553,-684,-822,-956,-258,-546,-830,-1119,-1405,-1672,-1943,-373,-755,-1153,-1551,-1964,-2383,-2788,-137,-278,-414,-545,-683,-817,-288,-572,-861,-1147,-1414,-1685,-382,-780,-1178,-1591,-2010,-2415,-141,-277,-408,-546,-680,-284,-573,-859,-1126,-1397,-398,-796,-1209,-1628,-2033,-136,-267,-405,-539,-289,-575,-842,-1113,-398,-811,-1230,-1635,-131,-269,-403,-286,-553,-824,-413,-832,-1237,-138,-272,-267,-538,-419,-824,-134,-271,-405,-123,-251,-371,-465,-547,-637,-735,-833,-958,-1090,-1220,-1360,-1500,-1643,-1791,-1937,-2076,-2218,-228,-427,-594,-761,-958,-1155,-1358,-1564,-1778,-2024,-2279,-2528,-2793,-3062,-3338,-3615,-3895,-4162,-128,-248,-342,-424,-514,-612,-710,-835,-967,-1097,-1237,-1377,-1520,-1668,-1814,-1953,-2095,-199,-366,-533,-730,-927,-1130,-1336,-1550,-1796,-2051,-2300,-2565,-2834,-3110,-3387,-3667,-3934,-120,-214,-296,-386,-484,-582,-707,-839,-969,-1109,-1249,-1392,-1540,-1686,-1825,-1967,-167,-334,-531,-728,-931,-1137,-1351,-1597,-1852,-2101,-2366,-2635,-2911,-3188,-3468,-3735,-94,-176,-266,-364,-462,-587,-719,-849,-989,-1129,-1272,-1420,-1566,-1705,-1847,-167,-364,-561,-764,-970,-1184,-1430,-1685,-1934,-2199,-2468,-2744,-3021,-3301,-3568,-82,-172,-270,-368,-493,-625,-755,-895,-1035,-1178,-1326,-1472,-1611,-1753,-197,-394,-597,-803,-1017,-1263,-1518,-1767,-2032,-2301,-2577,-2854,-3134,-3401,-90,-188,-286,-411,-543,-673,-813,-953,-1096,-1244,-1390,-1529,-1671,-197,-400,-606,-820,-1066,-1321,-1570,-1835,-2104,-2380,-2657,-2937,-3204,-98,-196,-321,-453,-583,-723,-863,-1006,-1154,-1300,-1439,-1581,-203,-409,-623,-869,-1124,-1373,-1638,-1907,-2183,-2460,-2740,-3007,-98,-223,-355,-485,-625,-765,-908,-1056,-1202,-1341,-1483,-206,-420,-666,-921,-1170,-1435,-1704,-1980,-2257,-2537,-2804,-125,-257,-387,-527,-667,-810,-958,-1104,-1243,-1385,-214,-460,-715,-964,-1229,-1498,-1774,-2051,-2331,-2598,-132,-262,-402,-542,-685,-833,-979,-1118,-1260,-246,-501,-750,-1015,-1284,-1560,-1837,-2117,-2384,-130,-270,-410,-553,-701,-847,-986,-1128,-255,-504,-769,-1038,-1314,-1591,-1871,-2138,-140,-280,-423,-571,-717,-856,-998,-249,-514,-783,-1059,-1336,-1616,-1883,-140,-283,-431,-577,-716,-858,-265,-534,-810,-1087,-1367,-1634,-143,-291,-437,-576,-718,-269,-545,-822,-1102,-1369,-148,-294,-433,-575,-276,-553,-833,-1100,-146,-285,-427,-277,-557,-824,-139,-281,-280,-547,-142,-267,-136,-270,-389,-505,-618,-731,-849,-966,-1087,-1213,-1341,-1469,-1604,-1741,-1876,-2012,-2148,-2286,-162,-298,-438,-589,-768,-976,-1197,-1441,-1690,-1918,-2177,-2445,-2702,-2973,-3246,-3520,-3808,-4083,-134,-253,-369,-482,-595,-713,-830,-951,-1077,-1205,-1333,-1468,-1605,-1740,-1876,-2012,-2150,-136,-276,-427,-606,-814,-1035,-1279,-1528,-1756,-2015,-2283,-2540,-2811,-3084,-3358,-3646,-3921,-119,-235,-348,-461,-579,-696,-817,-943,-1071,-1199,-1334,-1471,-1606,-1742,-1878,-2016,-140,-291,-470,-678,-899,-1143,-1392,-1620,-1879,-2147,-2404,-2675,-2948,-3222,-3510,-3785,-116,-229,-342,-460,-577,-698,-824,-952,-1080,-1215,-1352,-1487,-1623,-1759,-1897,-151,-330,-538,-759,-1003,-1252,-1480,-1739,-2007,-2264,-2535,-2808,-3082,-3370,-3645,-113,-226,-344,-461,-582,-708,-836,-964,-1099,-1236,-1371,-1507,-1643,-1781,-179,-387,-608,-852,-1101,-1329,-1588,-1856,-2113,-2384,-2657,-2931,-3219,-3494,-113,-231,-348,-469,-595,-723,-851,-986,-1123,-1258,-1394,-1530,-1668,-208,-429,-673,-922,-1150,-1409,-1677,-1934,-2205,-2478,-2752,-3040,-3315,-118,-235,-356,-482,-610,-738,-873,-1010,-1145,-1281,-1417,-1555,-221,-465,-714,-942,-1201,-1469,-1726,-1997,-2270,-2544,-2832,-3107,-117,-238,-364,-492,-620,-755,-892,-1027,-1163,-1299,-1437,-244,-493,-721,-980,-1248,-1505,-1776,-2049,-2323,-2611,-2886,-121,-247,-375,-503,-638,-775,-910,-1046,-1182,-1320,-249,-477,-736,-1004,-1261,-1532,-1805,-2079,-2367,-2642,-126,-254,-382,-517,-654,-789,-925,-1061,-1199,-228,-487,-755,-1012,-1283,-1556,-1830,-2118,-2393,-128,-256,-391,-528,-663,-799,-935,-1073,-259,-527,-784,-1055,-1328,-1602,-1890,-2165,-128,-263,-400,-535,-671,-807,-945,-268,-525,-796,-1069,-1343,-1631,-1906,-135,-272,-407,-543,-679,-817,-257,-528,-801,-1075,-1363,-1638,-137,-272,-408,-544,-682,-271,-544,-818,-1106,-1381,-135,-271,-407,-545,-273,-547,-835,-1110,-136,-272,-410,-274,-562,-837,-136,-274,-288,-563,-138,-275,-104,-203,-311,-418,-519,-631,-751,-875,-1008,-1128,-1256,-1393,-1528,-1667,-1810,-1943,-2078,-2211,-197,-387,-570,-742,-905,-1089,-1280,-1512,-1795,-2056,-2320,-2586,-2841,-3112,-3378,-3644,-3907,-4186,-99,-207,-314,-415,-527,-647,-771,-904,-1024,-1152,-1289,-1424,-1563,-1706,-1839,-1974,-2107,-190,-373,-545,-708,-892,-1083,-1315,-1598,-1859,-2123,-2389,-2644,-2915,-3181,-3447,-3710,-3989,-108,-215,-316,-428,-548,-672,-805,-925,-1053,-1190,-1325,-1464,-1607,-1740,-1875,-2008,-183,-355,-518,-702,-893,-1125,-1408,-1669,-1933,-2199,-2454,-2725,-2991,-3257,-3520,-3799,-107,-208,-320,-440,-564,-697,-817,-945,-1082,-1217,-1356,-1499,-1632,-1767,-1900,-172,-335,-519,-710,-942,-1225,-1486,-1750,-2016,-2271,-2542,-2808,-3074,-3337,-3616,-101,-213,-333,-457,-590,-710,-838,-975,-1110,-1249,-1392,-1525,-1660,-1793,-163,-347,-538,-770,-1053,-1314,-1578,-1844,-2099,-2370,-2636,-2902,-3165,-3444,-112,-232,-356,-489,-609,-737,-874,-1009,-1148,-1291,-1424,-1559,-1692,-184,-375,-607,-890,-1151,-1415,-1681,-1936,-2207,-2473,-2739,-3002,-3281,-120,-244,-377,-497,-625,-762,-897,-1036,-1179,-1312,-1447,-1580,-191,-423,-706,-967,-1231,-1497,-1752,-2023,-2289,-2555,-2818,-3097,-124,-257,-377,-505,-642,-777,-916,-1059,-1192,-1327,-1460,-232,-515,-776,-1040,-1306,-1561,-1832,-2098,-2364,-2627,-2906,-133,-253,-381,-518,-653,-792,-935,-1068,-1203,-1336,-283,-544,-808,-1074,-1329,-1600,-1866,-2132,-2395,-2674,-120,-248,-385,-520,-659,-802,-935,-1070,-1203,-261,-525,-791,-1046,-1317,-1583,-1849,-2112,-2391,-128,-265,-400,-539,-682,-815,-950,-1083,-264,-530,-785,-1056,-1322,-1588,-1851,-2130,-137,-272,-411,-554,-687,-822,-955,-266,-521,-792,-1058,-1324,-1587,-1866,-135,-274,-417,-550,-685,-818,-255,-526,-792,-1058,-1321,-1600,-139,-282,-415,-550,-683,-271,-537,-803,-1066,-1345,-143,-276,-411,-544,-266,-532,-795,-1074,-133,-268,-401,-266,-529,-808,-135,-268,-263,-542,-133,-279,-107,-214,-313,-414,-515,-628,-751,-873,-1006,-1136,-1259,-1392,-1529,-1667,-1805,-1944,-2081,-2218,-107,-206,-307,-408,-521,-644,-766,-899,-1029,-1152,-1285,-1422,-1560,-1698,-1837,-1974,-2111,-99,-200,-301,-414,-537,-659,-792,-922,-1045,-1178,-1315,-1453,-1591,-1730,-1867,-2004,-101,-202,-315,-438,-560,-693,-823,-946,-1079,-1216,-1354,-1492,-1631,-1768,-1905,-101,-214,-337,-459,-592,-722,-845,-978,-1115,-1253,-1391,-1530,-1667,-1804,-113,-236,-358,-491,-621,-744,-877,-1014,-1152,-1290,-1429,-1566,-1703,-123,-245,-378,-508,-631,-764,-901,-1039,-1177,-1316,-1453,-1590,-122,-255,-385,-508,-641,-778,-916,-1054,-1193,-1330,-1467,-133,-263,-386,-519,-656,-794,-932,-1071,-1208,-1345,-130,-253,-386,-523,-661,-799,-938,-1075,-1212,-123,-256,-393,-531,-669,-808,-945,-1082,-133,-270,-408,-546,-685,-822,-959,-137,-275,-413,-552,-689,-826,-138,-276,-415,-552,-689,-138,-277,-414,-551,-139,-276,-413,-137,-274,-137,-104,-206,-303,-406,-504,-607,-720,-845,-983,-1121,-1252,-1382,-1518,-1658,-1800,-1936,-2068,-2205,-102,-199,-302,-400,-503,-616,-741,-879,-1017,-1148,-1278,-1414,-1554,-1696,-1832,-1964,-2101,-97,-200,-298,-401,-514,-639,-777,-915,-1046,-1176,-1312,-1452,-1594,-1730,-1862,-1999,-103,-201,-304,-417,-542,-680,-818,-949,-1079,-1215,-1355,-1497,-1633,-1765,-1902,-98,-201,-314,-439,-577,-715,-846,-976,-1112,-1252,-1394,-1530,-1662,-1799,-103,-216,-341,-479,-617,-748,-878,-1014,-1154,-1296,-1432,-1564,-1701,-113,-238,-376,-514,-645,-775,-911,-1051,-1193,-1329,-1461,-1598,-125,-263,-401,-532,-662,-798,-938,-1080,-1216,-1348,-1485,-138,-276,-407,-537,-673,-813,-955,-1091,-1223,-1360,-138,-269,-399,-535,-675,-817,-953,-1085,-1222,-131,-261,-397,-537,-679,-815,-947,-1084,-130,-266,-406,-548,-684,-816,-953,-136,-276,-418,-554,-686,-823,-140,-282,-418,-550,-687,-142,-278,-410,-547,-136,-268,-405,-132,-269,-137,-111,-206,-287,-370,-460,-552,-639,-739,-869,-1002,-1124,-1243,-1367,-1493,-1618,-1741,-1861,-1985,-95,-176,-259,-349,-441,-528,-628,-758,-891,-1013,-1132,-1256,-1382,-1507,-1630,-1750,-1874,-81,-164,-254,-346,-433,-533,-663,-796,-918,-1037,-1161,-1287,-1412,-1535,-1655,-1779,-83,-173,-265,-352,-452,-582,-715,-837,-956,-1080,-1206,-1331,-1454,-1574,-1698,-90,-182,-269,-369,-499,-632,-754,-873,-997,-1123,-1248,-1371,-1491,-1615,-92,-179,-279,-409,-542,-664,-783,-907,-1033,-1158,-1281,-1401,-1525,-87,-187,-317,-450,-572,-691,-815,-941,-1066,-1189,-1309,-1433,-100,-230,-363,-485,-604,-728,-854,-979,-1102,-1222,-1346,-130,-263,-385,-504,-628,-754,-879,-1002,-1122,-1246,-133,-255,-374,-498,-624,-749,-872,-992,-1116,-122,-241,-365,-491,-616,-739,-859,-983,-119,-243,-369,-494,-617,-737,-861,-124,-250,-375,-498,-618,-742,-126,-251,-374,-494,-618,-125,-248,-368,-492,-123,-243,-367,-120,-244,-124,20,17,18,40,-25,-149,-243,-292,-292,13,142,263,277,219,-15,-304,-641,-971,-1,-1,120,227,291,309,241,39,-240,-3,-28,-24,187,396,526,555,454,284,-45,5,33,291,610,739,740,629,391,-87,-57,1,254,574,738,797,794,675,-83,-107,-128,82,476,688,781,842,733,-66,-188,-182,49,514,779,934,1114,1073,-48,-245,-208,84,670,1054,1347,1630,1675,2,-9,19,3,-118,-230,-292,-291,42,143,174,161,-8,-258,-574,-912,-17,68,158,232,248,217,92,-171,-1,-35,98,308,445,471,433,276,31,22,169,471,663,646,574,355,21,22,190,478,673,722,736,623,-5,-52,63,423,649,731,800,689,-57,-92,55,443,732,867,1042,1000,-90,-124,71,530,950,1216,1487,1509,-7,8,24,-59,-191,-265,-270,-216,45,76,68,-8,-224,-497,-840,-1074,34,87,160,186,168,102,-104,-359,-23,27,214,371,387,374,269,105,-12,40,268,543,526,451,268,68,-12,70,273,529,585,582,471,396,-14,-7,241,545,631,660,561,544,-8,14,283,628,763,880,860,865,-17,54,346,790,1068,1273,1310,1347,3,25,-9,-138,-230,-248,-193,11,20,-11,-162,-396,-718,-960,17,73,109,89,60,-69,-308,12,121,279,302,286,244,93,15,132,390,436,343,199,18,25,143,367,454,441,347,278,-19,134,404,504,522,431,412,-19,166,434,593,690,665,669,0,195,512,826,1004,1029,1043,9,7,-84,-196,-226,-177,-101,9,-17,-75,-275,-554,-801,-945,19,54,44,28,-42,-224,-483,26,161,204,178,161,62,-68,22,206,335,242,95,-50,-122,32,171,319,313,202,135,138,45,203,381,403,272,265,312,60,209,424,521,438,464,535,71,221,559,749,708,737,830,4,-38,-147,-195,-159,-82,-9,-22,-157,-397,-623,-775,18,18,0,-33,-138,-381,57,101,82,62,26,-91,73,185,155,-10,-116,-169,54,170,195,74,24,33,63,207,243,101,102,147,65,203,324,221,242,312,53,264,490,422,439,509,-10,-81,-149,-125,-54,6,-8,-50,-256,-439,-596,-700,-1,-9,-29,-75,-261,-520,21,22,-8,-19,-84,-234,38,91,-74,-183,-200,-274,31,117,3,-64,-53,-66,32,146,8,-31,26,37,19,196,93,56,148,201,44,294,238,189,274,383,-22,-87,-81,-23,38,3,-138,-282,-418,-530,2,-20,-29,-138,-381,2,-21,-35,-37,-174,36,-66,-193,-171,-226,54,-29,-106,-78,-85,80,-44,-94,-29,-20,100,21,-36,51,103,123,103,27,100,186,-27,-41,5,60,96,-48,-158,-251,-368,-444,-12,-8,-58,-244,-477,-3,-27,-4,-89,-239,-19,-146,-127,-146,-218,-22,-92,-81,-86,-69,-46,-92,-67,-46,9,-23,-80,-51,23,94,4,-60,-53,48,165,-11,17,59,96,-45,-99,-195,-279,2,-11,-120,-337,-17,3,-19,-156,-64,-63,-43,-96,-39,-38,-26,-3,-32,-18,11,64,-33,-24,45,115,-28,-48,41,135,8,38,69,93,-20,-73,-162,-188,0,-50,-210,-395,10,13,-72,-228,1,18,1,-109,8,3,28,-5,18,7,72,61,9,20,112,125,-8,15,124,179,12,30,55,-14,-82,-116,-13,-96,-265,0,-22,-165,-1,21,-70,-15,27,0,-22,51,38,-9,78,90,-4,93,125,6,25,37,-25,-64,-54,-24,-136,-251,3,-88,-188,19,-36,-114,25,0,-17,33,32,7,29,63,18,31,78,63,6,19,-18,-16,-35,-134,-28,-115,-16,-75,-8,-19,7,-20,29,-17,35,-3,7,5,-3,13,-42,-73,-35,-65,-23,-55,-9,-8,-15,-10,-24,-21,-23,8,-1,8,-15,-17,-13,7,3,2,8,0,0,-1,4,-6,-13,-1,-1,15,7,66,85,79,90,17,-97,-235,-376,-27,-29,95,136,173,254,284,202,44,0,-94,-135,10,219,461,624,684,660,-43,21,8,176,437,623,714,702,588,-91,-77,-48,135,444,676,831,929,887,-100,-131,-153,11,363,656,852,1015,1027,-68,-212,-291,-158,269,620,879,1160,1224,-41,-240,-274,-72,412,823,1156,1529,1708,24,45,38,50,23,-72,-209,-360,-22,78,124,141,194,266,248,102,-30,-92,-8,156,381,542,652,640,38,15,90,320,535,611,632,535,13,9,118,353,613,757,866,836,-8,-47,33,327,609,797,960,973,-59,-144,-83,241,588,832,1104,1164,-85,-159,-29,327,730,1041,1396,1558,11,8,4,17,-50,-172,-334,-449,42,82,91,112,197,233,129,-47,-34,-7,126,305,463,588,624,534,-12,-1,165,408,484,499,435,311,-12,41,184,467,613,706,682,614,-15,-7,175,475,676,796,811,855,-26,-53,146,495,748,961,1038,1100,-29,-5,229,601,912,1201,1374,1497,-1,-6,8,-13,-116,-277,-402,16,30,31,88,166,126,-38,6,78,212,353,476,562,484,1,74,286,391,391,360,253,20,89,298,472,554,541,485,-9,89,331,521,633,648,693,-33,94,340,589,787,855,913,-16,146,390,693,960,1115,1221,-1,-3,16,-59,-205,-341,-402,8,1,26,117,131,9,-213,15,118,213,333,434,404,288,9,157,290,290,253,179,121,13,130,327,411,382,332,336,26,156,364,489,461,508,556,39,160,411,618,627,702,770,56,178,450,717,806,923,1040,-3,17,-12,-139,-274,-345,-2,3,66,122,64,-146,42,92,195,294,314,210,55,157,186,134,93,52,43,166,278,238,199,215,46,196,310,274,321,370,49,197,400,394,460,524,50,194,453,520,619,719,4,15,-84,-204,-286,-309,-3,28,97,93,-75,-307,19,76,172,207,151,27,38,95,43,-4,-12,-78,31,166,128,73,95,83,38,170,147,151,202,224,23,228,231,238,319,373,22,250,317,350,461,568,12,-41,-142,-223,-256,11,52,90,-14,-234,12,91,124,118,6,26,3,-59,-34,-83,61,51,-15,18,18,74,40,36,87,110,102,101,93,165,215,100,159,170,263,353,-13,-86,-152,-196,-201,9,60,10,-168,-364,33,63,72,8,-114,5,-57,-38,-54,-112,13,-51,-34,-28,-20,-16,-7,1,26,100,1,2,15,82,168,28,39,66,167,284,-27,-74,-117,-132,23,15,-99,-283,13,20,6,-104,-33,-29,-12,-53,-36,-30,-13,7,-2,-2,23,98,-3,-5,53,135,3,8,91,191,-19,-47,-73,-58,5,-55,-197,-345,4,5,-57,-185,4,15,7,-89,8,9,35,1,13,-5,72,78,7,6,105,129,5,22,133,196,-9,-34,-29,-18,-96,-232,-1,-13,-129,-4,21,-58,-10,27,5,-26,51,58,-16,74,94,-5,88,134,-10,-16,9,-24,-118,-206,3,-65,-157,19,-27,-97,21,5,-19,34,43,31,31,68,36,27,84,69,-5,10,-30,-106,-18,-98,-13,-66,-5,-17,9,-2,28,-8,39,7,4,21,-34,-54,-32,-60,-20,-50,-6,-18,-9,-3,-19,-13,-21,6,7,-8,-16,-13,0,7,2,10,3,-4,4,-4,-12,-8,2,7,-21,-7,75,79,64,100,133,121,73,7,-136,-218,-129,8,224,412,559,658,-11,-1,-82,33,203,367,496,584,634,-77,-34,1,149,349,480,583,663,667,-93,-158,-183,-64,177,413,616,836,963,-57,-222,-332,-232,97,409,676,1010,1193,-22,-249,-380,-277,71,416,741,1170,1457,-24,-196,-240,-106,299,673,1052,1484,1777,-8,62,79,58,64,116,136,99,-51,-137,-95,13,192,359,530,642,25,-58,-11,139,303,401,501,561,23,33,120,292,437,514,594,610,-23,-59,-3,189,413,586,784,918,-61,-175,-130,122,403,643,946,1126,-85,-229,-166,78,386,677,1072,1343,-74,-147,-68,231,576,916,1311,1578,30,52,36,17,67,112,98,40,-41,-41,56,177,325,487,638,675,-40,-41,80,240,318,397,477,495,-3,38,154,336,393,448,464,476,-19,-6,109,332,500,645,769,894,-43,-67,89,354,592,823,1001,1186,-57,-74,89,351,622,941,1214,1449,-24,-20,164,461,793,1104,1374,1617,10,7,-18,2,66,84,37,-4,46,138,249,390,565,615,-3,50,190,268,316,408,436,16,71,225,296,325,341,365,2,54,228,384,499,601,733,-28,73,261,468,672,819,1001,-30,93,251,485,770,1009,1228,-25,104,295,598,870,1103,1320,2,-18,-23,39,82,58,-40,8,89,142,264,430,519,502,5,116,190,218,289,337,379,9,107,215,224,215,239,317,9,106,261,371,420,542,667,32,124,315,517,592,772,923,43,120,308,573,736,957,1152,54,130,385,649,798,1018,1215,-7,-18,14,76,84,-3,34,58,143,288,401,397,43,97,125,165,225,277,37,117,140,105,129,219,34,140,238,257,357,489,37,151,322,370,519,667,37,121,349,478,665,844,21,170,405,515,698,869,-6,1,61,94,30,-88,13,40,166,270,305,268,25,49,69,108,180,198,24,84,29,28,118,158,29,126,140,187,309,410,18,173,219,296,442,565,3,185,294,405,586,747,34,221,323,422,596,781,1,31,83,51,-56,-2,87,170,229,205,4,24,32,116,144,32,-9,-36,54,106,48,50,67,167,275,78,93,143,258,378,78,150,227,374,519,81,154,214,351,510,5,55,48,-36,-138,31,95,145,160,105,16,4,67,115,117,-4,-51,14,66,104,1,13,60,158,273,-1,47,90,208,355,26,83,154,301,456,25,77,130,292,473,20,32,-20,-111,27,56,95,53,-12,20,80,92,-33,6,58,108,0,17,93,215,17,33,120,264,20,57,170,309,23,37,162,317,10,-17,-85,-165,10,40,37,-42,12,51,83,39,19,46,96,84,12,35,147,188,14,29,171,240,17,54,195,288,6,47,205,312,-8,-44,-113,9,30,-36,8,52,18,1,51,51,-7,83,131,-12,99,165,3,110,187,2,123,204,-11,-57,-109,12,-15,-88,23,9,-31,25,25,13,37,75,84,39,103,106,31,110,113,37,121,134,-14,-55,-3,-63,-2,-32,0,0,16,32,33,33,45,32,47,34,-18,-34,-21,-52,-10,-30,0,-12,6,3,-2,5,-11,14,-10,23,-5,-18,-10,0,4,4,9,7,-6,5,0,-12,-11,-1,7,19,8,-81,-140,-101,-45,37,115,195,274,19,16,-90,-25,91,170,225,287,342,-48,65,79,153,241,232,217,209,196,-70,-95,-129,-64,112,219,310,444,507,-47,-163,-254,-184,49,245,407,656,819,3,-190,-386,-365,-109,125,346,689,940,10,-108,-203,-143,106,310,521,856,1142,-30,-91,-72,-25,43,106,185,264,22,-79,-60,40,144,170,219,274,56,62,98,194,214,177,151,139,-5,-36,-18,117,258,319,413,480,-38,-134,-103,79,268,407,605,759,-61,-245,-247,-71,147,340,633,856,-43,-146,-111,81,261,439,719,976,-29,-30,15,61,113,181,267,322,-47,-59,20,132,153,174,228,259,1,13,79,159,110,59,27,54,-15,-19,48,228,287,332,376,447,-40,-51,51,242,396,522,647,832,-71,-125,-20,176,366,585,788,1019,-32,-63,75,230,396,595,834,1102,-3,22,59,97,150,235,290,-7,26,122,168,160,201,232,4,32,120,100,27,-23,5,-1,19,158,251,266,270,345,-16,47,187,334,437,511,687,-42,40,156,330,521,674,877,-39,74,172,314,480,664,903,5,40,56,98,172,234,269,2,77,131,118,131,161,232,4,62,102,17,-58,-50,57,-2,69,201,214,169,221,362,21,81,230,348,350,497,664,30,75,227,415,494,677,884,47,91,208,362,465,686,922,15,22,50,109,170,205,29,67,79,63,80,151,20,68,12,-85,-95,13,24,115,162,87,99,244,21,119,230,209,305,463,22,94,266,317,450,629,19,79,209,279,445,652,5,11,59,109,151,178,17,37,16,5,75,156,18,22,-87,-122,-34,51,23,109,32,-5,117,256,18,131,125,149,278,449,1,151,199,258,417,616,6,111,169,254,443,663,-3,31,66,107,134,4,8,-32,25,106,12,-68,-125,-55,31,45,2,-65,17,160,62,49,50,128,290,70,102,133,242,413,48,82,134,268,459,12,36,66,100,113,12,-33,-4,76,137,-20,-89,-44,22,105,-4,-73,-40,80,217,-11,5,11,144,341,10,38,73,224,425,9,49,102,275,487,10,25,58,71,-20,-20,47,108,-40,-17,31,115,-35,-32,48,189,9,-8,74,262,12,19,120,293,16,36,154,337,4,26,46,43,-5,34,94,117,11,34,98,139,1,32,150,229,-2,8,167,292,4,31,184,327,8,45,210,364,7,26,23,10,57,80,1,47,89,1,79,162,-13,95,211,-1,102,217,4,114,239,8,12,3,19,41,46,21,43,76,29,89,128,36,123,176,29,124,177,29,136,186,3,-6,9,14,4,38,20,63,36,80,45,70,52,73,-2,-7,4,1,14,19,20,19,15,38,5,48,3,47,-5,-3,6,3,14,15,15,5,3,-7,-7,-5,13,14,12,33,-13,-6,34,50,49,48,37,-30,102,149,168,161,93,35,-23,-61,-70,7,80,108,171,140,98,64,-16,-54,-131,-124,-101,17,119,207,363,452,0,-141,-267,-281,-127,31,179,425,606,15,-58,-149,-190,-81,20,142,383,588,-3,15,103,159,353,415,495,603,658,17,-17,-30,5,42,31,24,15,59,96,114,121,69,11,-53,-96,21,95,101,164,169,120,68,-7,-37,-39,-22,49,159,240,356,443,-47,-169,-177,-82,49,195,402,557,-27,-109,-131,-60,4,119,322,500,-14,53,91,267,334,402,485,505,-13,-33,-10,38,32,13,6,-9,14,33,34,25,-39,-103,-167,-171,35,38,58,131,84,14,-78,-100,-3,10,25,133,237,311,369,462,-47,-79,-37,69,227,387,515,696,-19,-72,-25,14,123,275,438,645,46,42,148,250,320,356,368,483,-8,-5,38,53,24,11,-2,9,9,14,-34,-98,-168,-177,4,2,75,64,-13,-123,-140,4,13,74,186,253,271,362,-28,20,67,198,356,445,600,-44,22,23,95,240,365,545,-25,63,147,222,246,233,313,-4,27,53,29,4,-7,4,1,0,-5,-75,-145,-175,-127,-5,25,82,7,-121,-155,-99,5,10,120,210,186,248,333,24,18,124,294,336,464,595,35,12,59,198,272,437,592,46,60,170,196,136,208,333,11,32,29,-6,-23,-10,-2,7,-47,-117,-153,-110,8,65,26,-109,-161,-100,-1,62,160,129,151,234,0,47,190,230,319,424,-4,5,107,174,301,429,-4,88,119,47,94,184,9,17,-13,-42,-27,0,3,-8,-84,-120,-98,-70,14,43,-90,-160,-116,-66,7,103,95,75,129,238,-6,112,164,206,284,411,-15,62,123,199,312,445,22,88,18,18,100,225,3,-6,-45,-36,-7,3,-57,-93,-77,-54,29,-68,-145,-119,-64,49,49,22,36,143,59,84,124,163,264,39,63,132,207,313,48,-17,-29,28,118,2,-32,-35,-4,17,-17,-59,-43,-41,-5,-29,-104,-96,-58,2,-2,-6,-34,44,175,0,52,44,118,273,-1,62,86,177,320,-30,-40,-30,52,181,-13,-26,-1,22,-26,-10,-14,17,-39,-38,-18,47,4,-31,7,136,25,15,50,179,26,43,96,212,-5,-7,50,144,-8,5,30,37,10,6,16,44,3,5,53,89,-12,-16,84,179,2,-10,92,215,11,13,114,233,0,10,96,197,3,22,31,-4,0,23,-5,25,66,-11,49,142,-14,49,146,-5,58,150,-2,59,125,7,18,15,4,6,42,12,36,60,18,82,129,16,86,147,12,89,130,14,72,107,5,4,-4,27,6,35,24,69,31,66,39,53,33,33,1,-4,10,26,12,12,16,31,8,53,-1,42,-8,43,-3,11,5,13,19,16,16,1,-6,-10,-11,7,11,19,-13,31,76,88,68,33,12,-4,-6,-54,18,93,90,82,29,-20,-74,-140,-44,-156,-135,-123,-29,62,149,287,343,-3,-170,-254,-255,-156,4,158,387,579,27,-87,-220,-300,-242,-134,-5,218,418,18,15,75,100,179,189,212,291,370,18,46,72,55,17,2,-14,-20,16,95,86,99,53,5,-54,-115,-57,-45,-30,10,111,195,306,368,-62,-157,-143,-92,21,181,382,553,-41,-154,-205,-176,-128,4,204,376,-21,25,55,150,126,147,214,266,8,37,25,-5,-24,-33,-51,-45,40,35,34,32,-19,-82,-150,-160,2,19,15,107,204,291,341,377,-43,-41,-24,35,211,379,526,704,-32,-101,-83,-83,47,212,377,577,39,21,110,97,103,140,193,330,12,14,-13,-35,-38,-56,-54,-1,-8,11,-33,-95,-168,-173,8,7,45,152,236,259,301,-9,23,34,163,337,456,613,-49,-2,-31,39,207,349,521,-32,62,65,37,72,113,223,5,-17,-31,-38,-49,-59,-45,-3,2,2,-63,-140,-152,-130,1,-5,93,190,189,219,257,20,-3,72,262,348,481,565,29,-11,11,177,284,449,553,46,43,26,46,57,168,269,-8,-19,-29,-34,-44,-34,-1,20,-38,-114,-131,-104,-3,41,148,144,147,191,-8,19,162,254,359,422,-11,-18,88,198,340,416,2,1,-13,-4,95,169,-6,-8,-17,-20,-22,-22,7,-7,-86,-107,-87,-83,0,98,107,86,118,174,-7,82,190,262,301,385,-18,40,148,255,324,404,-7,-10,-16,53,128,197,1,-11,-8,-10,-14,7,-65,-85,-70,-61,44,63,39,44,106,41,102,180,191,254,29,77,187,233,285,13,-27,40,103,145,-4,-5,0,-16,-10,-28,-51,-40,-38,-22,10,-1,-20,30,94,7,101,79,118,234,0,108,119,164,264,-29,23,56,99,170,-4,7,-9,-7,-16,-4,-7,14,-1,-23,0,70,47,31,42,137,48,62,84,156,18,49,80,124,7,-2,-12,0,9,2,16,22,-9,-10,48,98,0,-22,49,145,12,-1,64,150,16,17,62,127,-3,-13,-5,-6,3,14,-4,27,83,-16,27,102,-10,32,90,-1,32,70,-3,-7,13,5,9,17,7,51,67,10,61,111,7,58,88,3,42,53,-4,12,-1,12,17,39,23,52,28,30,27,11,4,16,6,2,10,6,5,45,-5,35,-15,26,8,1,2,19,12,14,-4,-6,-8,2,16,13,-16,7,10,-2,-9,-23,-38,-63,-86,-24,-102,-79,-58,19,70,101,150,131,10,-186,-277,-279,-199,-35,122,337,523,44,-86,-254,-323,-271,-141,-8,197,395,43,17,-24,-54,-19,-14,-3,61,127,29,-2,68,109,295,351,428,499,477,6,21,0,6,-7,-24,-49,-71,-44,-22,-13,37,107,133,170,160,-74,-170,-164,-142,-3,151,342,516,-40,-186,-237,-207,-141,-4,182,356,-18,-46,-67,-11,-46,-36,26,69,-37,24,45,194,280,343,409,370,11,-8,-6,-3,-23,-50,-71,-72,10,13,30,109,146,167,160,143,-48,-43,-45,25,197,362,521,647,-50,-118,-95,-91,53,208,377,567,10,-51,15,-20,-25,14,70,186,43,27,118,236,286,329,318,304,-7,-14,2,-17,-46,-67,-67,2,7,59,115,131,112,104,0,6,18,165,327,462,576,-46,-5,-23,57,216,366,532,-48,27,13,-32,6,60,153,-25,46,127,207,236,220,189,-5,7,4,-28,-51,-50,-41,-1,18,83,110,75,70,69,5,-7,71,251,360,459,507,24,-1,17,183,302,463,537,35,31,-14,9,40,146,212,34,57,169,185,146,143,185,3,13,-18,-43,-42,-32,7,45,91,51,34,42,-4,16,171,277,352,388,-7,-11,91,214,356,406,5,-19,-36,-6,98,141,3,78,124,71,63,88,6,-9,-37,-38,-27,-26,5,60,31,-2,9,30,-4,82,206,255,276,352,-11,29,159,270,315,377,-14,-31,-16,65,121,157,17,95,29,-2,51,97,-2,-29,-32,-21,-19,28,18,-20,-21,9,28,127,173,170,234,18,84,199,225,263,4,-21,59,113,126,41,5,-40,8,37,-11,-17,-8,-5,-2,-1,-28,-45,-12,9,30,94,65,114,198,4,126,121,154,242,-25,40,71,97,133,-4,-62,-37,20,36,-5,2,5,9,-8,-30,-9,21,39,7,32,104,58,57,71,135,25,55,79,92,-28,-17,35,34,4,5,10,7,-11,-6,27,38,-14,-15,42,112,6,-11,48,118,15,16,42,76,-2,27,54,72,-1,4,2,0,21,41,-4,29,87,-13,27,73,0,24,35,15,37,38,3,2,1,5,28,17,7,50,82,9,50,76,1,25,15,-1,28,-2,-1,-1,11,9,19,39,22,24,22,-11,24,-23,1,-2,1,-12,5,27,-3,29,-20,10,-19,-11,-2,-4,10,8,7,-9,1,-5,2,16,16,26,-9,-27,-3,6,32,42,44,56,38,19,-147,-225,-219,-143,-9,125,305,445,40,-51,-178,-215,-198,-85,32,203,399,54,52,-32,-82,-78,-85,-89,-60,-12,49,62,103,132,223,208,206,231,220,-14,7,14,32,50,51,58,47,-59,-147,-130,-121,8,139,302,436,-20,-145,-161,-157,-110,15,172,347,3,-62,-99,-67,-119,-118,-82,-60,-9,25,51,137,131,121,148,126,10,14,21,43,51,51,43,29,-48,-30,-40,32,172,322,448,508,-51,-76,-67,-92,45,180,343,521,-8,-76,-28,-84,-93,-69,-36,64,31,10,95,116,77,93,98,97,1,6,20,36,35,22,15,8,9,14,149,296,405,459,-23,7,-31,40,183,332,489,-49,12,-16,-70,-41,-1,73,-28,54,70,40,48,55,43,2,5,25,31,11,7,-3,2,-12,66,222,318,364,390,21,-12,-13,142,269,414,466,30,18,-40,-21,7,92,132,35,50,47,26,22,37,80,1,13,27,6,-3,-6,-3,8,159,252,281,301,-12,-26,63,198,329,360,1,-29,-55,-22,70,84,12,4,-8,-20,-3,29,1,19,5,-11,-11,-9,-8,86,188,204,216,266,-9,8,155,264,283,329,-14,-44,-21,59,84,94,-9,6,-35,-29,30,47,10,4,-13,-18,-9,27,124,137,132,176,4,85,202,207,232,-2,-24,61,93,77,10,-22,-24,37,43,-2,-12,-24,-12,-8,40,62,44,80,124,9,138,121,134,210,-26,49,69,64,84,-5,-36,14,47,32,-2,-15,-8,3,17,-4,15,53,63,54,53,108,30,55,57,51,-22,20,55,29,-6,-6,8,8,-12,-6,24,68,3,-20,23,85,15,5,10,30,13,37,38,39,-1,8,15,3,16,54,-15,14,55,-5,7,1,16,19,9,2,12,2,0,30,48,7,36,68,0,5,1,-8,9,-28,5,2,13,25,15,26,12,-18,19,-29,0,-10,4,14,-1,33,-19,15,-21,-16,-3,4,13,8,-6,-4,2,8,18,17,10,-55,-83,-68,-36,9,51,101,141,24,-29,-115,-153,-182,-114,-30,86,251,42,91,20,-19,-48,-82,-118,-148,-127,45,102,90,64,84,15,-35,-66,-115,13,35,184,235,336,316,342,328,267,-22,-57,-41,-33,14,55,103,137,-8,-91,-110,-146,-124,-37,69,219,28,-27,-59,-37,-122,-148,-167,-171,18,21,1,37,-31,-84,-103,-162,-19,111,147,210,259,263,252,185,-21,-7,-6,26,67,115,145,157,-37,-49,-69,-110,-16,80,216,347,-7,-64,-21,-100,-134,-156,-158,-63,21,-33,19,-9,-98,-116,-147,-164,60,89,120,203,187,179,135,28,7,9,17,60,107,135,141,-9,-10,-58,-10,89,215,331,-41,9,-19,-104,-116,-107,-37,-39,19,7,-81,-102,-121,-148,10,26,71,124,94,53,-60,0,1,29,76,104,106,116,6,-26,-41,65,181,283,322,25,18,-61,-81,-75,-3,30,24,28,-20,-77,-95,-94,-63,9,22,109,59,21,-69,-62,2,6,55,82,82,86,-13,-35,25,144,236,260,0,-28,-99,-83,0,8,10,-22,-78,-99,-86,-65,-2,47,66,6,-81,-80,-3,31,58,58,58,74,-6,-9,117,199,209,248,-7,-72,-64,16,26,19,-16,-32,-89,-75,-26,-41,17,70,-10,-94,-70,-39,10,39,38,36,46,-10,70,155,155,179,-14,-57,33,54,22,0,-56,-45,16,-9,15,4,-102,-75,-50,14,13,11,17,27,17,109,99,109,162,-37,45,63,33,50,-16,-41,21,24,-17,23,-103,-73,-25,-58,1,-2,2,6,46,39,39,77,31,59,40,32,-24,35,50,-1,-57,-49,2,-37,-3,1,1,15,0,-10,14,59,20,-2,-8,5,23,39,16,-5,-12,42,26,13,3,1,9,-7,7,37,-12,-7,-19,13,2,-29,32,19,0,-2,2,12,4,20,53,2,-8,3,-10,-13,-52,-10,-6,-33,2,6,6,24,1,-13,9,-40,7,-26,0,10,4,29,-12,23,-21,-18,-10,-17,4,10,10,-7,-13,2,5,15,17,19,8,-10,-56,-89,-103,-69,-21,47,125,13,106,103,93,48,-7,-72,-149,-171,31,117,89,40,48,-37,-115,-194,-302,8,79,226,262,287,192,126,53,-38,-1,-40,-62,-87,-70,-22,38,115,40,42,31,51,-48,-102,-168,-204,31,33,-17,19,-61,-139,-202,-315,1,140,167,191,153,68,0,-83,-16,-30,-49,-63,-13,41,115,165,13,-16,22,-61,-114,-183,-220,-152,24,-52,-9,-33,-138,-198,-281,-329,69,78,112,123,6,-56,-113,-222,-7,-15,-40,-7,47,113,162,-24,13,-5,-102,-160,-186,-132,-46,-4,0,-100,-160,-227,-280,1,26,36,-24,-105,-157,-258,0,-19,-17,39,99,145,161,19,19,-62,-119,-148,-95,-85,16,27,-17,-104,-168,-191,-187,7,27,16,-97,-143,-218,-211,-8,-17,22,82,120,135,-1,-17,-118,-136,-72,-76,10,-6,-88,-152,-159,-160,11,-1,-57,-122,-192,-177,-3,5,67,99,111,127,2,-83,-100,-39,-44,-64,-9,-35,-126,-130,-101,-139,-2,-9,-106,-170,-129,-124,-3,42,74,78,93,-20,-81,-9,-3,-37,2,-84,-88,-43,-86,-8,-48,-131,-85,-72,14,48,46,58,78,-45,28,31,-4,8,-30,-61,-13,-26,-76,9,-106,-54,-15,-72,17,15,19,38,29,43,19,17,-26,22,25,-30,-58,-25,19,-30,0,-2,14,30,15,-12,-15,-13,21,27,2,-36,1,51,28,-5,-2,6,21,-16,-8,-20,6,-3,-46,31,13,-12,2,14,22,5,-8,-2,-6,-19,-63,-12,-11,-56,4,11,-2,-10,3,-46,6,-31,4,4,-9,15,-19,-25,-11,-34,-1,10,-11,-15,2,4,16,7,-2,46,80,93,60,15,-39,-109,-140,20,74,55,41,74,17,-49,-125,-238,5,37,127,132,144,50,-20,-87,-194,-35,10,267,391,492,475,485,427,320,16,46,55,61,2,-48,-110,-148,20,18,-4,48,0,-63,-126,-242,-8,86,90,90,55,-31,-90,-187,-17,192,286,353,421,410,353,256,16,18,35,-10,-57,-117,-159,-140,14,-33,13,20,-61,-119,-215,-270,48,42,51,67,-51,-99,-170,-297,79,178,200,307,294,240,156,7,-2,11,5,-56,-112,-146,-134,-30,8,34,-38,-93,-176,-234,-2,6,10,-49,-113,-176,-293,51,43,116,188,113,30,-109,6,11,-36,-89,-121,-113,-116,13,33,16,-57,-135,-173,-176,-2,11,3,-93,-145,-236,-241,-3,25,136,59,-21,-147,-176,1,-7,-74,-102,-86,-96,12,14,-50,-125,-150,-156,12,-8,-45,-113,-196,-191,-2,75,83,-18,-143,-162,3,-50,-75,-57,-71,-80,-4,-13,-106,-126,-112,-149,-11,3,-97,-169,-138,-147,32,79,-24,-146,-152,-131,-14,-53,-31,-37,-53,10,-74,-91,-64,-104,2,-39,-127,-88,-87,13,-5,-148,-153,-122,-25,0,-4,-24,-21,-29,-64,-32,-52,-91,10,-110,-60,-33,-102,21,-124,-126,-82,-115,11,11,-1,-5,-26,9,2,-40,-61,-27,8,-51,-60,-83,-38,-61,3,-7,-15,-16,17,15,-7,-38,2,48,15,-26,-25,23,13,-8,-6,-6,-14,1,-8,-42,30,5,-26,27,18,7,2,-10,-3,-4,-18,-47,-14,-19,-66,-6,-4,-31,-4,-4,-1,-33,3,-34,3,-14,-4,11,-12,-17,-11,-36,-4,-23,8,-8,-15,-9,-1,11,5,-1,9,24,-1,-4,31,32,27,22,-16,9,-13,-13,-49,-31,-62,-70,-67,-115,-22,-11,170,261,304,291,299,300,281,9,-10,-17,16,18,16,14,-23,-18,1,-31,-48,-31,-53,-48,-88,-20,124,203,214,259,248,242,240,-3,-22,1,22,13,10,-17,-37,14,-14,-32,6,-37,-25,-44,-140,51,130,137,190,167,161,168,79,-13,6,25,17,17,-7,-26,-9,-23,-20,-15,-17,-34,-122,42,37,58,93,68,68,-4,7,16,27,20,-5,-14,-14,-10,-8,18,-5,-15,-82,-88,-5,12,55,18,18,-45,-48,5,14,8,-14,-20,-19,6,-3,22,-2,-67,-65,5,16,37,18,-52,-38,-1,12,-17,-24,-13,-31,-10,36,-9,-67,-44,-44,7,36,5,-65,-42,-15,11,-17,-21,-7,-24,11,14,-58,-33,-25,-3,24,-65,-49,-5,-9,-20,-7,-14,-28,24,-69,-37,-8,-56,35,-66,-50,3,-24,-10,6,2,-11,-45,-27,4,-36,-43,-46,0,-10,9,4,1,-11,-3,35,16,-12,-15,31,30,19,-2,-2,-13,24,7,-13,27,19,25,-1,-2,-18,-10,-9,-43,-8,7,-20,2,-13,3,-23,8,-2,-5,-11,-5,-29,-1,-26,-5,-16,-8,4,8,-9,4,-20,-23,-44,-48,-62,-64,-60,-66,-19,-17,95,135,118,95,93,98,110,-43,-50,167,308,398,460,536,550,558,-14,-8,-25,-45,-38,-47,-44,-48,-14,76,119,87,93,79,80,103,-25,128,243,298,405,470,471,484,4,-7,-24,-14,-30,-22,-22,-56,30,82,62,61,40,42,67,29,43,174,181,277,365,363,359,315,-2,-15,-21,-16,-15,-16,-48,30,13,-3,5,-5,16,-11,67,48,109,242,229,212,173,-7,-10,-2,-8,-4,-32,-32,-8,-12,-11,-28,-6,-31,-33,-3,10,132,142,122,66,52,1,-7,8,5,-24,-22,-1,-15,-3,7,-22,-13,-13,74,129,98,29,20,-5,13,3,-21,-15,-7,-2,3,6,-22,-11,9,39,83,75,3,-23,23,2,13,-18,-13,-3,-10,22,-18,-11,20,9,46,-37,-76,-25,14,-24,-14,0,-14,25,-22,-14,19,3,26,-34,-76,-42,-10,-17,-14,-1,-13,-18,-22,7,2,-15,-68,-47,-10,-4,14,6,0,-11,19,16,12,-30,-12,8,32,11,2,-2,18,11,18,7,14,43,-4,-4,-8,-6,3,-11,4,16,42,-1,-3,5,2,-1,30,2,-6,-1,-13,14,12,-6,-1,3,4,-10,-8,-8,3,34,43,34,30,31,31,33,-23,-1,149,267,301,323,338,336,363,1,27,36,26,27,25,26,31,-3,96,198,236,263,276,264,297,9,22,15,12,10,9,17,9,28,122,154,172,194,177,195,210,8,1,-3,0,-4,5,0,43,59,81,108,89,97,118,-3,-4,-5,-9,-2,-4,-10,8,24,42,32,35,41,50,-1,-3,-2,2,1,-2,0,22,17,18,14,29,1,-2,2,-1,-1,1,16,2,12,3,3,28,-4,5,-1,0,5,-10,5,-6,-16,15,5,-1,-2,6,0,6,4,-11,5,32,-1,-5,4,1,3,-14,-8,25,-4,3,3,-1,-8,-7,11,32,4,5,4,-1,7,34,-1,1,-9,3,15,32,3,-4,2,25,-4,-6,8,9,1,7,-4,-13,-7,-3,50,93,98,97,95,96,110,-17,-30,22,80,182,268,348,356,338,-2,30,72,80,77,76,72,89,-9,22,52,131,235,315,319,292,8,45,56,51,50,46,55,67,5,47,63,165,275,275,237,219,16,26,24,21,18,22,37,21,9,88,216,216,174,147,5,6,1,-2,2,9,19,0,16,142,172,126,88,66,0,-2,-7,-2,0,13,-12,91,139,93,51,20,1,-6,-1,1,6,14,40,86,70,24,-18,0,-4,-1,2,2,13,23,25,-21,-67,-58,1,4,4,7,17,0,-16,-66,-68,-30,1,2,0,13,2,-48,-54,-25,1,-1,4,14,-20,-30,-12,6,-1,-1,12,-10,4,13,0,5,15,10,8,38,0,13,-6,15,5,5,10,20,3,1,-6,8,-1,2,15,38,71,99,117,113,110,0,9,18,50,82,99,94,88,3,10,27,58,84,76,68,67,3,6,36,66,57,48,44,1,16,45,45,33,27,22,1,29,33,20,13,5,13,16,12,2,-8,-1,2,2,-9,-20,-16,-1,-3,-17,-15,-2,2,-13,-12,-2,-6,-8,0,5,-3,4,6,4,4,11,-1,3,2,5,0,3,-8,-31,-58,-89,-58,-27,19,34,8,-7,-26,-56,-49,-6,41,59,27,-9,-18,-47,-2,57,77,46,18,-1,-29,-8,63,84,56,22,-7,-22,51,84,58,25,3,-14,35,80,55,25,-3,13,60,47,19,-8,-12,23,22,-5,-29,-39,1,-14,-36,-45,-43,-3,-24,-30,-34,-9,-13,-16,-18,-3,-3,-11,2,-5,1,-4,-4,1,5,-2,8,-1
