14,22,76,134,143,147,151,150,153,163,176,186,185,176,166,162,170,173,63,86,12,-29,-13,-3,15,22,34,32,28,51,77,91,96,102,94,54,86,190,162,104,117,122,91,79,41,-29,-119,-142,-132,-119,-146,-215,-225,-260,57,201,302,266,251,217,147,131,65,-62,-240,-301,-296,-274,-373,-536,-584,-608,86,246,461,533,619,679,699,803,837,778,602,583,643,720,598,473,437,449,88,167,382,543,680,767,861,1047,1177,1184,1049,1115,1251,1398,1303,1273,1319,1414,97,46,196,447,664,882,1077,1296,1476,1570,1587,1760,1962,2149,2110,2178,2325,2505,143,51,182,477,758,1040,1310,1564,1777,1997,2179,2424,2666,2895,2979,3165,3392,3618,162,128,310,581,833,1100,1377,1593,1832,2132,2458,2743,2988,3229,3432,3720,4007,4259,8,62,120,129,133,137,136,139,149,162,172,171,162,152,148,156,159,23,-51,-92,-76,-66,-48,-41,-29,-31,-35,-12,14,28,33,39,31,-9,104,76,18,31,36,5,-7,-45,-115,-205,-228,-218,-205,-232,-301,-311,-346,144,245,209,194,160,90,74,8,-119,-297,-358,-353,-331,-430,-593,-641,-665,160,375,447,533,593,613,717,751,692,516,497,557,634,512,387,351,363,79,294,455,592,679,773,959,1089,1096,961,1027,1163,1310,1215,1185,1231,1326,-51,99,350,567,785,980,1199,1379,1473,1490,1663,1865,2052,2013,2081,2228,2408,-92,39,334,615,897,1167,1421,1634,1854,2036,2281,2523,2752,2836,3022,3249,3475,-34,148,419,671,938,1215,1431,1670,1970,2296,2581,2826,3067,3270,3558,3845,4097,54,112,121,125,129,128,131,141,154,164,163,154,144,140,148,151,-74,-115,-99,-89,-71,-64,-52,-54,-58,-35,-9,5,10,16,8,-32,-28,-86,-73,-68,-99,-111,-149,-219,-309,-332,-322,-309,-336,-405,-415,-450,101,65,50,16,-54,-70,-136,-263,-441,-502,-497,-475,-574,-737,-785,-809,215,287,373,433,453,557,591,532,356,337,397,474,352,227,191,203,215,376,513,600,694,880,1010,1017,882,948,1084,1231,1136,1106,1152,1247,150,401,618,836,1031,1250,1430,1524,1541,1714,1916,2103,2064,2132,2279,2459,131,426,707,989,1259,1513,1726,1946,2128,2373,2615,2844,2928,3114,3341,3567,182,453,705,972,1249,1465,1704,2004,2330,2615,2860,3101,3304,3592,3879,4131,58,67,71,75,74,77,87,100,110,109,100,90,86,94,97,-41,-25,-15,3,10,22,20,16,39,65,79,84,90,82,42,-58,-45,-40,-71,-83,-121,-191,-281,-304,-294,-281,-308,-377,-387,-422,-36,-51,-85,-155,-171,-237,-364,-542,-603,-598,-576,-675,-838,-886,-910,72,158,218,238,342,376,317,141,122,182,259,137,12,-24,-12,161,298,385,479,665,795,802,667,733,869,1016,921,891,937,1032,251,468,686,881,1100,1280,1374,1391,1564,1766,1953,1914,1982,2129,2309,295,576,858,1128,1382,1595,1815,1997,2242,2484,2713,2797,2983,3210,3436,271,523,790,1067,1283,1522,1822,2148,2433,2678,2919,3122,3410,3697,3949,9,13,17,16,19,29,42,52,51,42,32,28,36,39,16,26,44,51,63,61,57,80,106,120,125,131,123,83,13,18,-13,-25,-63,-133,-223,-246,-236,-223,-250,-319,-329,-364,-15,-49,-119,-135,-201,-328,-506,-567,-562,-540,-639,-802,-850,-874,86,146,166,270,304,245,69,50,110,187,65,-60,-96,-84,137,224,318,504,634,641,506,572,708,855,760,730,776,871,217,435,630,849,1029,1123,1140,1313,1515,1702,1663,1731,1878,2058,281,563,833,1087,1300,1520,1702,1947,2189,2418,2502,2688,2915,3141,252,519,796,1012,1251,1551,1877,2162,2407,2648,2851,3139,3426,3678,4,8,7,10,20,33,43,42,33,23,19,27,30,10,28,35,47,45,41,64,90,104,109,115,107,67,5,-26,-38,-76,-146,-236,-259,-249,-236,-263,-332,-342,-377,-34,-104,-120,-186,-313,-491,-552,-547,-525,-624,-787,-835,-859,60,80,184,218,159,-17,-36,24,101,-21,-146,-182,-170,87,181,367,497,504,369,435,571,718,623,593,639,734,218,413,632,812,906,923,1096,1298,1485,1446,1514,1661,1841,282,552,806,1019,1239,1421,1666,1908,2137,2221,2407,2634,2860,267,544,760,999,1299,1625,1910,2155,2396,2599,2887,3174,3426,4,3,6,16,29,39,38,29,19,15,23,26,18,25,37,35,31,54,80,94,99,105,97,57,-31,-43,-81,-151,-241,-264,-254,-241,-268,-337,-347,-382,-70,-86,-152,-279,-457,-518,-513,-491,-590,-753,-801,-825,20,124,158,99,-77,-96,-36,41,-81,-206,-242,-230,94,280,410,417,282,348,484,631,536,506,552,647,195,414,594,688,705,878,1080,1267,1228,1296,1443,1623,270,524,737,957,1139,1384,1626,1855,1939,2125,2352,2578,277,493,732,1032,1358,1643,1888,2129,2332,2620,2907,3159,-1,2,12,25,35,34,25,15,11,19,22,7,19,17,13,36,62,76,81,87,79,39,-12,-50,-120,-210,-233,-223,-210,-237,-306,-316,-351,-16,-82,-209,-387,-448,-443,-421,-520,-683,-731,-755,104,138,79,-97,-116,-56,21,-101,-226,-262,-250,186,316,323,188,254,390,537,442,412,458,553,219,399,493,510,683,885,1072,1033,1101,1248,1428,254,467,687,869,1114,1356,1585,1669,1855,2082,2308,216,455,755,1081,1366,1611,1852,2055,2343,2630,2882,3,13,26,36,35,26,16,12,20,23,12,10,6,29,55,69,74,80,72,32,-38,-108,-198,-221,-211,-198,-225,-294,-304,-339,-66,-193,-371,-432,-427,-405,-504,-667,-715,-739,34,-25,-201,-220,-160,-83,-205,-330,-366,-354,130,137,2,68,204,351,256,226,272,367,180,274,291,464,666,853,814,882,1029,1209,213,433,615,860,1102,1331,1415,1601,1828,2054,239,539,865,1150,1395,1636,1839,2127,2414,2666,10,23,33,32,23,13,9,17,20,-2,-6,17,43,57,62,68,60,20,-70,-160,-183,-173,-160,-187,-256,-266,-301,-127,-305,-366,-361,-339,-438,-601,-649,-673,-59,-235,-254,-194,-117,-239,-364,-400,-388,7,-128,-62,74,221,126,96,142,237,94,111,284,486,673,634,702,849,1029,220,402,647,889,1118,1202,1388,1615,1841,300,626,911,1156,1397,1600,1888,2175,2427,13,23,22,13,3,-1,7,10,-4,19,45,59,64,70,62,22,-90,-113,-103,-90,-117,-186,-196,-231,-178,-239,-234,-212,-311,-474,-522,-546,-176,-195,-135,-58,-180,-305,-341,-329,-135,-69,67,214,119,89,135,230,17,190,392,579,540,608,755,935,182,427,669,898,982,1168,1395,1621,326,611,856,1097,1300,1588,1875,2127,10,9,0,-10,-14,-6,-3,23,49,63,68,74,66,26,-23,-13,0,-27,-96,-106,-141,-61,-56,-34,-133,-296,-344,-368,-19,41,118,-4,-129,-165,-153,66,202,349,254,224,270,365,173,375,562,523,591,738,918,245,487,716,800,986,1213,1439,285,530,771,974,1262,1549,1801,-1,-10,-20,-24,-16,-13,26,40,45,51,43,3,10,23,-4,-73,-83,-118,5,27,-72,-235,-283,-307,60,137,15,-110,-146,-134,136,283,188,158,204,299,202,389,350,418,565,745,242,471,555,741,968,1194,245,486,689,977,1264,1516,-9,-19,-23,-15,-12,14,19,25,17,-23,13,-14,-83,-93,-128,22,-77,-240,-288,-312,77,-45,-170,-206,-194,147,52,22,68,163,187,148,216,363,543,229,313,499,726,952,241,444,732,1019,1271,-10,-14,-6,-3,5,11,3,-37,-27,-96,-106,-141,-99,-262,-310,-334,-122,-247,-283,-271,-95,-125,-79,16,-39,29,176,356,84,270,497,723,203,491,778,1030,-4,4,7,6,-2,-42,-69,-79,-114,-163,-211,-235,-125,-161,-149,-30,16,111,68,215,395,186,413,639,288,575,827,8,11,-8,-48,-10,-45,-48,-72,-36,-24,46,141,147,327,227,453,287,539,3,-40,-35,-24,12,95,180,226,252,11,14,-33,-73,-71,-69,-62,-59,-53,-53,-52,-44,-32,-24,-21,-25,-42,-66,50,76,-13,-80,-75,-70,-74,-79,-96,-144,-195,-206,-198,-187,-183,-195,-189,-203,24,161,248,203,183,146,74,44,-24,-123,-257,-323,-337,-328,-395,-531,-572,-592,41,167,335,352,377,379,348,395,385,312,144,98,126,180,82,-30,-71,-65,52,102,264,356,454,516,619,786,897,883,770,805,902,1009,930,910,924,996,44,1,144,373,562,742,902,1106,1277,1357,1347,1479,1643,1807,1770,1825,1934,2090,85,-4,100,356,595,838,1068,1287,1476,1655,1792,1994,2199,2392,2441,2592,2786,2995,81,-4,91,309,509,731,961,1147,1336,1600,1886,2134,2349,2563,2735,2989,3248,3491,3,-44,-84,-82,-80,-73,-70,-64,-64,-63,-55,-43,-35,-32,-36,-53,-77,26,-63,-130,-125,-120,-124,-129,-146,-194,-245,-256,-248,-237,-233,-245,-239,-253,137,224,179,159,122,50,20,-48,-147,-281,-347,-361,-352,-419,-555,-596,-616,126,294,311,336,338,307,354,344,271,103,57,85,139,41,-71,-112,-106,50,212,304,402,464,567,734,845,831,718,753,850,957,878,858,872,944,-43,100,329,518,698,858,1062,1233,1313,1303,1435,1599,1763,1726,1781,1890,2046,-89,15,271,510,753,983,1202,1391,1570,1707,1909,2114,2307,2356,2507,2701,2910,-85,10,228,428,650,880,1066,1255,1519,1805,2053,2268,2482,2654,2908,3167,3410,-47,-87,-85,-83,-76,-73,-67,-67,-66,-58,-46,-38,-35,-39,-56,-80,-89,-156,-151,-146,-150,-155,-172,-220,-271,-282,-274,-263,-259,-271,-265,-279,87,42,22,-15,-87,-117,-185,-284,-418,-484,-498,-489,-556,-692,-733,-753,168,185,210,212,181,228,218,145,-23,-69,-41,13,-85,-197,-238,-232,162,254,352,414,517,684,795,781,668,703,800,907,828,808,822,894,143,372,561,741,901,1105,1276,1356,1346,1478,1642,1806,1769,1824,1933,2089,104,360,599,842,1072,1291,1480,1659,1796,1998,2203,2396,2445,2596,2790,2999,95,313,513,735,965,1151,1340,1604,1890,2138,2353,2567,2739,2993,3252,3495,-40,-38,-36,-29,-26,-20,-20,-19,-11,1,9,12,8,-9,-33,-67,-62,-57,-61,-66,-83,-131,-182,-193,-185,-174,-170,-182,-176,-190,-45,-65,-102,-174,-204,-272,-371,-505,-571,-585,-576,-643,-779,-820,-840,17,42,44,13,60,50,-23,-191,-237,-209,-155,-253,-365,-406,-400,92,190,252,355,522,633,619,506,541,638,745,666,646,660,732,229,418,598,758,962,1133,1213,1203,1335,1499,1663,1626,1681,1790,1946,256,495,738,968,1187,1376,1555,1692,1894,2099,2292,2341,2492,2686,2895,218,418,640,870,1056,1245,1509,1795,2043,2258,2472,2644,2898,3157,3400,2,4,11,14,20,20,21,29,41,49,52,48,31,7,5,10,6,1,-16,-64,-115,-126,-118,-107,-103,-115,-109,-123,-20,-57,-129,-159,-227,-326,-460,-526,-540,-531,-598,-734,-775,-795,25,27,-4,43,33,-40,-208,-254,-226,-172,-270,-382,-423,-417,98,160,263,430,541,527,414,449,546,653,574,554,568,640,189,369,529,733,904,984,974,1106,1270,1434,1397,1452,1561,1717,239,482,712,931,1120,1299,1436,1638,1843,2036,2085,2236,2430,2639,200,422,652,838,1027,1291,1577,1825,2040,2254,2426,2680,2939,3182,2,9,12,18,18,19,27,39,47,50,46,29,5,5,1,-4,-21,-69,-120,-131,-123,-112,-108,-120,-114,-128,-37,-109,-139,-207,-306,-440,-506,-520,-511,-578,-714,-755,-775,2,-29,18,8,-65,-233,-279,-251,-197,-295,-407,-448,-442,62,165,332,443,429,316,351,448,555,476,456,470,542,180,340,544,715,795,785,917,1081,1245,1208,1263,1372,1528,243,473,692,881,1060,1197,1399,1604,1797,1846,1997,2191,2400,222,452,638,827,1091,1377,1625,1840,2054,2226,2480,2739,2982,7,10,16,16,17,25,37,45,48,44,27,3,-4,-9,-26,-74,-125,-136,-128,-117,-113,-125,-119,-133,-72,-102,-170,-269,-403,-469,-483,-474,-541,-677,-718,-738,-31,16,6,-67,-235,-281,-253,-199,-297,-409,-450,-444,103,270,381,367,254,289,386,493,414,394,408,480,160,364,535,615,605,737,901,1065,1028,1083,1192,1348,230,449,638,817,954,1156,1361,1554,1603,1754,1948,2157,230,416,605,869,1155,1403,1618,1832,2004,2258,2517,2760,3,9,9,10,18,30,38,41,37,20,-4,-5,-22,-70,-121,-132,-124,-113,-109,-121,-115,-129,-30,-98,-197,-331,-397,-411,-402,-469,-605,-646,-666,47,37,-36,-204,-250,-222,-168,-266,-378,-419,-413,167,278,264,151,186,283,390,311,291,305,377,204,375,455,445,577,741,905,868,923,1032,1188,219,408,587,724,926,1131,1324,1373,1524,1718,1927,186,375,639,925,1173,1388,1602,1774,2028,2287,2530,6,6,7,15,27,35,38,34,17,-7,-17,-65,-116,-127,-119,-108,-104,-116,-110,-124,-68,-167,-301,-367,-381,-372,-439,-575,-616,-636,-10,-83,-251,-297,-269,-215,-313,-425,-466,-460,111,97,-16,19,116,223,144,124,138,210,171,251,241,373,537,701,664,719,828,984,189,368,505,707,912,1105,1154,1305,1499,1708,189,453,739,987,1202,1416,1588,1842,2101,2344,0,1,9,21,29,32,28,11,-13,-48,-99,-110,-102,-91,-87,-99,-93,-107,-99,-233,-299,-313,-304,-371,-507,-548,-568,-73,-241,-287,-259,-205,-303,-415,-456,-450,-14,-127,-92,5,112,33,13,27,99,80,70,202,366,530,493,548,657,813,179,316,518,723,916,965,1116,1310,1519,264,550,798,1013,1227,1399,1653,1912,2155,1,9,21,29,32,28,11,-13,-51,-62,-54,-43,-39,-51,-45,-59,-134,-200,-214,-205,-272,-408,-449,-469,-168,-214,-186,-132,-230,-342,-383,-377,-113,-78,19,126,47,27,41,113,-10,122,286,450,413,468,577,733,137,339,544,737,786,937,1131,1340,286,534,749,963,1135,1389,1648,1891,8,20,28,31,27,10,-14,-11,-3,8,12,0,6,-8,-66,-80,-71,-138,-274,-315,-335,-46,-18,36,-62,-174,-215,-209,35,132,239,160,140,154,226,132,296,460,423,478,587,743,202,407,600,649,800,994,1203,248,463,677,849,1103,1362,1605,12,20,23,19,2,-22,8,19,23,11,17,3,-14,-5,-72,-208,-249,-269,28,82,-16,-128,-169,-163,97,204,125,105,119,191,164,328,291,346,455,611,205,398,447,598,792,1001,215,429,601,855,1114,1357,8,11,7,-10,-34,11,15,3,9,-5,9,-58,-194,-235,-255,54,-44,-156,-197,-191,107,28,8,22,94,164,127,182,291,447,193,242,393,587,796,214,386,640,899,1142,3,-1,-18,-42,4,-8,-2,-16,-67,-203,-244,-264,-98,-210,-251,-245,-79,-99,-85,-13,-37,18,127,283,49,200,394,603,172,426,685,928,-4,-21,-45,-12,-6,-20,-136,-177,-197,-112,-153,-147,-20,-6,66,55,164,320,151,345,554,254,513,756,-17,-41,6,-8,-41,-61,-41,-35,14,86,109,265,194,403,259,502,-24,-14,-20,6,72,156,209,243,27,36,2,-17,-14,-12,-12,-10,-13,-25,-44,-47,-44,-37,-28,-10,8,13,-4,68,148,150,144,137,88,67,20,-36,-103,-146,-165,-173,-214,-307,-327,-327,-3,99,256,258,230,186,120,119,78,13,-114,-169,-173,-150,-229,-328,-360,-349,28,40,187,299,378,442,520,637,716,711,626,641,696,760,690,675,679,736,18,-41,106,303,459,602,738,943,1112,1195,1181,1283,1410,1532,1499,1559,1639,1771,45,-12,164,455,671,887,1082,1272,1451,1611,1729,1902,2065,2217,2232,2350,2519,2710,41,-107,-52,155,321,507,703,862,1010,1236,1487,1704,1883,2059,2191,2407,2644,2877,86,-8,134,353,492,647,826,927,1081,1363,1718,1959,2139,2325,2566,2876,3161,3404,9,-25,-44,-41,-39,-39,-37,-40,-52,-71,-74,-71,-64,-55,-37,-19,-14,72,152,154,148,141,92,71,24,-32,-99,-142,-161,-169,-210,-303,-323,-323,102,259,261,233,189,123,122,81,16,-111,-166,-170,-147,-226,-325,-357,-346,12,159,271,350,414,492,609,688,683,598,613,668,732,662,647,651,708,-59,88,285,441,584,720,925,1094,1177,1163,1265,1392,1514,1481,1541,1621,1753,-57,119,410,626,842,1037,1227,1406,1566,1684,1857,2020,2172,2187,2305,2474,2665,-148,-93,114,280,466,662,821,969,1195,1446,1663,1842,2018,2150,2366,2603,2836,-94,48,267,406,561,740,841,995,1277,1632,1873,2053,2239,2480,2790,3075,3318,-34,-53,-50,-48,-48,-46,-49,-61,-80,-83,-80,-73,-64,-46,-28,-23,80,82,76,69,20,-1,-48,-104,-171,-214,-233,-241,-282,-375,-395,-395,157,159,131,87,21,20,-21,-86,-213,-268,-272,-249,-328,-427,-459,-448,147,259,338,402,480,597,676,671,586,601,656,720,650,635,639,696,147,344,500,643,779,984,1153,1236,1222,1324,1451,1573,1540,1600,1680,1812,176,467,683,899,1094,1284,1463,1623,1741,1914,2077,2229,2244,2362,2531,2722,55,262,428,614,810,969,1117,1343,1594,1811,1990,2166,2298,2514,2751,2984,142,361,500,655,834,935,1089,1371,1726,1967,2147,2333,2574,2884,3169,3412,-19,-16,-14,-14,-12,-15,-27,-46,-49,-46,-39,-30,-12,6,11,2,-4,-11,-60,-81,-128,-184,-251,-294,-313,-321,-362,-455,-475,-475,2,-26,-70,-136,-137,-178,-243,-370,-425,-429,-406,-485,-584,-616,-605,112,191,255,333,450,529,524,439,454,509,573,503,488,492,549,197,353,496,632,837,1006,1089,1075,1177,1304,1426,1393,1453,1533,1665,291,507,723,918,1108,1287,1447,1565,1738,1901,2053,2068,2186,2355,2546,207,373,559,755,914,1062,1288,1539,1756,1935,2111,2243,2459,2696,2929,219,358,513,692,793,947,1229,1584,1825,2005,2191,2432,2742,3027,3270,3,5,5,7,4,-8,-27,-30,-27,-20,-11,7,25,30,-6,-13,-62,-83,-130,-186,-253,-296,-315,-323,-364,-457,-477,-477,-28,-72,-138,-139,-180,-245,-372,-427,-431,-408,-487,-586,-618,-607,79,143,221,338,417,412,327,342,397,461,391,376,380,437,156,299,435,640,809,892,878,980,1107,1229,1196,1256,1336,1468,216,432,627,817,996,1156,1274,1447,1610,1762,1777,1895,2064,2255,166,352,548,707,855,1081,1332,1549,1728,1904,2036,2252,2489,2722,139,294,473,574,728,1010,1365,1606,1786,1972,2213,2523,2808,3051,2,2,4,1,-11,-30,-33,-30,-23,-14,4,22,27,-7,-56,-77,-124,-180,-247,-290,-309,-317,-358,-451,-471,-471,-44,-110,-111,-152,-217,-344,-399,-403,-380,-459,-558,-590,-579,64,142,259,338,333,248,263,318,382,312,297,301,358,143,279,484,653,736,722,824,951,1073,1040,1100,1180,1312,216,411,601,780,940,1058,1231,1394,1546,1561,1679,1848,2039,186,382,541,689,915,1166,1383,1562,1738,1870,2086,2323,2556,155,334,435,589,871,1226,1467,1647,1833,2074,2384,2669,2912,0,2,-1,-13,-32,-35,-32,-25,-16,2,20,25,-49,-70,-117,-173,-240,-283,-302,-310,-351,-444,-464,-464,-66,-67,-108,-173,-300,-355,-359,-336,-415,-514,-546,-535,78,195,274,269,184,199,254,318,248,233,237,294,136,341,510,593,579,681,808,930,897,957,1037,1169,195,385,564,724,842,1015,1178,1330,1345,1463,1632,1823,196,355,503,729,980,1197,1376,1552,1684,1900,2137,2370,179,280,434,716,1071,1312,1492,1678,1919,2229,2514,2757,2,-1,-13,-32,-35,-32,-25,-16,2,20,25,-21,-68,-124,-191,-234,-253,-261,-302,-395,-415,-415,-1,-42,-107,-234,-289,-293,-270,-349,-448,-480,-469,117,196,191,106,121,176,240,170,155,159,216,205,374,457,443,545,672,794,761,821,901,1033,190,369,529,647,820,983,1135,1150,1268,1437,1628,159,307,533,784,1001,1180,1356,1488,1704,1941,2174,101,255,537,892,1133,1313,1499,1740,2050,2335,2578,-3,-15,-34,-37,-34,-27,-18,0,18,23,-47,-103,-170,-213,-232,-240,-281,-374,-394,-394,-41,-106,-233,-288,-292,-269,-348,-447,-479,-468,79,74,-11,4,59,123,53,38,42,99,169,252,238,340,467,589,556,616,696,828,179,339,457,630,793,945,960,1078,1247,1438,148,374,625,842,1021,1197,1329,1545,1782,2015,154,436,791,1032,1212,1398,1639,1949,2234,2477,-12,-31,-34,-31,-24,-15,3,21,26,-56,-123,-166,-185,-193,-234,-327,-347,-347,-65,-192,-247,-251,-228,-307,-406,-438,-427,-5,-90,-75,-20,44,-26,-41,-37,20,83,69,171,298,420,387,447,527,659,160,278,451,614,766,781,899,1068,1259,226,477,694,873,1049,1181,1397,1634,1867,282,637,878,1058,1244,1485,1795,2080,2323,-19,-22,-19,-12,-3,15,33,38,-67,-110,-129,-137,-178,-271,-291,-291,-127,-182,-186,-163,-242,-341,-373,-362,-85,-70,-15,49,-21,-36,-32,25,-14,88,215,337,304,364,444,576,118,291,454,606,621,739,908,1099,251,468,647,823,955,1171,1408,1641,355,596,776,962,1203,1513,1798,2041,-3,0,7,16,34,52,57,-43,-62,-70,-111,-204,-224,-224,-55,-59,-36,-115,-214,-246,-235,15,70,134,64,49,53,110,102,229,351,318,378,458,590,173,336,488,503,621,790,981,217,396,572,704,920,1157,1390,241,421,607,848,1158,1443,1686,3,10,19,37,55,60,-19,-27,-68,-161,-181,-181,-4,19,-60,-159,-191,-180,55,119,49,34,38,95,127,249,216,276,356,488,163,315,330,448,617,808,179,355,487,703,940,1173,180,366,607,917,1202,1445,7,16,34,52,57,-8,-49,-142,-162,-162,23,-56,-155,-187,-176,64,-6,-21,-17,40,122,89,149,229,361,152,167,285,454,645,176,308,524,761,994,186,427,737,1022,1265,9,27,45,50,-41,-134,-154,-154,-79,-178,-210,-199,-70,-85,-81,-24,-33,27,107,239,15,133,302,493,132,348,585,818,241,551,836,1079,18,36,41,-93,-113,-113,-99,-131,-120,-15,-11,46,60,140,272,118,287,478,216,453,686,310,595,838,18,23,-20,-20,-32,-21,4,61,80,212,169,360,237,470,285,528,5,0,11,57,132,191,233,243,-15,-10,16,27,24,23,12,0,-17,-41,-55,-68,-78,-89,-106,-150,-163,-163,-11,95,245,256,234,193,136,123,89,62,-7,-49,-61,-52,-106,-186,-220,-226,8,-3,104,179,208,220,258,320,364,355,292,298,332,372,319,309,299,329,7,-70,31,177,305,429,585,773,932,1004,1026,1115,1214,1295,1271,1333,1372,1460,17,-21,155,442,641,825,996,1173,1352,1508,1613,1763,1899,2027,2037,2134,2256,2402,8,-126,-91,95,230,383,550,676,809,1004,1224,1416,1569,1708,1798,1971,2166,2361,30,-104,-42,142,240,356,499,572,685,941,1270,1492,1653,1811,2014,2282,2530,2743,5,31,42,39,38,27,15,-2,-26,-40,-53,-63,-74,-91,-135,-148,-148,106,256,267,245,204,147,134,100,73,4,-38,-50,-41,-95,-175,-209,-215,-11,96,171,200,212,250,312,356,347,284,290,324,364,311,301,291,321,-77,24,170,298,422,578,766,925,997,1019,1108,1207,1288,1264,1326,1365,1453,-38,138,425,624,808,979,1156,1335,1491,1596,1746,1882,2010,2020,2117,2239,2385,-134,-99,87,222,375,542,668,801,996,1216,1408,1561,1700,1790,1963,2158,2353,-134,-72,112,210,326,469,542,655,911,1240,1462,1623,1781,1984,2252,2500,2713,26,37,34,33,22,10,-7,-31,-45,-58,-68,-79,-96,-140,-153,-153,150,161,139,98,41,28,-6,-33,-102,-144,-156,-147,-201,-281,-315,-321,107,182,211,223,261,323,367,358,295,301,335,375,322,312,302,332,101,247,375,499,655,843,1002,1074,1096,1185,1284,1365,1341,1403,1442,1530,176,463,662,846,1017,1194,1373,1529,1634,1784,1920,2048,2058,2155,2277,2423,35,221,356,509,676,802,935,1130,1350,1542,1695,1834,1924,2097,2292,2487,62,246,344,460,603,676,789,1045,1374,1596,1757,1915,2118,2386,2634,2847,11,8,7,-4,-16,-33,-57,-71,-84,-94,-105,-122,-166,-179,-179,11,-11,-52,-109,-122,-156,-183,-252,-294,-306,-297,-351,-431,-465,-471,75,104,116,154,216,260,251,188,194,228,268,215,205,195,225,146,274,398,554,742,901,973,995,1084,1183,1264,1240,1302,1341,1429,287,486,670,841,1018,1197,1353,1458,1608,1744,1872,1882,1979,2101,2247,186,321,474,641,767,900,1095,1315,1507,1660,1799,1889,2062,2257,2452,184,282,398,541,614,727,983,1312,1534,1695,1853,2056,2324,2572,2785,-3,-4,-15,-27,-44,-68,-82,-95,-105,-116,-133,-177,-190,-190,-22,-63,-120,-133,-167,-194,-263,-305,-317,-308,-362,-442,-476,-482,29,41,79,141,185,176,113,119,153,193,140,130,120,150,128,252,408,596,755,827,849,938,1037,1118,1094,1156,1195,1283,199,383,554,731,910,1066,1171,1321,1457,1585,1595,1692,1814,1960,135,288,455,581,714,909,1129,1321,1474,1613,1703,1876,2071,2266,98,214,357,430,543,799,1128,1350,1511,1669,1872,2140,2388,2601,-1,-12,-24,-41,-65,-79,-92,-102,-113,-130,-174,-187,-187,-41,-98,-111,-145,-172,-241,-283,-295,-286,-340,-420,-454,-460,12,50,112,156,147,84,90,124,164,111,101,91,121,124,280,468,627,699,721,810,909,990,966,1028,1067,1155,184,355,532,711,867,972,1122,1258,1386,1396,1493,1615,1761,153,320,446,579,774,994,1186,1339,1478,1568,1741,1936,2131,116,259,332,445,701,1030,1252,1413,1571,1774,2042,2290,2503,-11,-23,-40,-64,-78,-91,-101,-112,-129,-173,-186,-186,-57,-70,-104,-131,-200,-242,-254,-245,-299,-379,-413,-419,38,100,144,135,72,78,112,152,99,89,79,109,156,344,503,575,597,686,785,866,842,904,943,1031,171,348,527,683,788,938,1074,1202,1212,1309,1431,1577,167,293,426,621,841,1033,1186,1325,1415,1588,1783,1978,143,216,329,585,914,1136,1297,1455,1658,1926,2174,2387,-12,-29,-53,-67,-80,-90,-101,-118,-162,-175,-175,-13,-47,-74,-143,-185,-197,-188,-242,-322,-356,-362,62,106,97,34,40,74,114,61,51,41,71,188,347,419,441,530,629,710,686,748,787,875,177,356,512,617,767,903,1031,1041,1138,1260,1406,126,259,454,674,866,1019,1158,1248,1421,1616,1811,73,186,442,771,993,1154,1312,1515,1783,2031,2244,-17,-41,-55,-68,-78,-89,-106,-150,-163,-163,-34,-61,-130,-172,-184,-175,-229,-309,-343,-349,44,35,-28,-22,12,52,-1,-11,-21,9,159,231,253,342,441,522,498,560,599,687,179,335,440,590,726,854,864,961,1083,1229,133,328,548,740,893,1032,1122,1295,1490,1685,113,369,698,920,1081,1239,1442,1710,1958,2171,-24,-38,-51,-61,-72,-89,-133,-146,-146,-27,-96,-138,-150,-141,-195,-275,-309,-315,-9,-72,-66,-32,8,-45,-55,-65,-35,72,94,183,282,363,339,401,440,528,156,261,411,547,675,685,782,904,1050,195,415,607,760,899,989,1162,1357,1552,256,585,807,968,1126,1329,1597,1845,2058,-14,-27,-37,-48,-65,-109,-122,-122,-69,-111,-123,-114,-168,-248,-282,-288,-63,-57,-23,17,-36,-46,-56,-26,22,111,210,291,267,329,368,456,105,255,391,519,529,626,748,894,220,412,565,704,794,967,1162,1357,329,551,712,870,1073,1341,1589,1802,-13,-23,-34,-51,-95,-108,-108,-42,-54,-45,-99,-179,-213,-219,6,40,80,27,17,7,37,89,188,269,245,307,346,434,150,286,414,424,521,643,789,192,345,484,574,747,942,1137,222,383,541,744,1012,1260,1473,-10,-21,-38,-82,-95,-95,-12,-3,-57,-137,-171,-177,34,74,21,11,1,31,99,180,156,218,257,345,136,264,274,371,493,639,153,292,382,555,750,945,161,319,522,790,1038,1251,-11,-28,-72,-85,-85,9,-45,-125,-159,-165,40,-13,-23,-33,-3,81,57,119,158,246,128,138,235,357,503,139,229,402,597,792,158,361,629,877,1090,-17,-61,-74,-74,-54,-134,-168,-174,-53,-63,-73,-43,-24,38,77,165,10,107,229,375,90,263,458,653,203,471,719,932,-44,-57,-57,-80,-114,-120,-10,-20,10,62,101,189,97,219,365,173,368,563,268,516,729,-13,-13,-34,-40,-10,20,39,127,122,268,195,390,248,461,0,-6,30,88,146,195,213,-1,52,114,113,110,103,76,77,67,71,51,37,35,42,26,3,-9,-14,2,-21,-6,-5,-24,-54,-44,-25,-9,-22,-62,-60,-43,-19,-41,-24,-24,-8,21,-82,-77,30,144,274,412,555,685,754,786,860,932,985,982,1063,1093,1147,29,-13,86,282,453,604,758,941,1121,1268,1351,1476,1590,1691,1717,1833,1927,2030,6,-84,-58,104,221,351,490,592,718,882,1065,1233,1359,1472,1540,1694,1865,2023,28,-157,-216,-102,-33,51,167,218,293,499,775,971,1111,1246,1421,1665,1892,2076,87,-68,-84,76,184,349,492,501,600,888,1282,1496,1619,1742,2016,2346,2595,2765,53,115,114,111,104,77,78,68,72,52,38,36,43,27,4,-8,-13,-23,-8,-7,-26,-56,-46,-27,-11,-24,-64,-62,-45,-21,-43,-26,-26,-10,-103,-98,9,123,253,391,534,664,733,765,839,911,964,961,1042,1072,1126,-42,57,253,424,575,729,912,1092,1239,1322,1447,1561,1662,1688,1804,1898,2001,-90,-64,98,215,345,484,586,712,876,1059,1227,1353,1466,1534,1688,1859,2017,-185,-244,-130,-61,23,139,190,265,471,747,943,1083,1218,1393,1637,1864,2048,-155,-171,-11,97,262,405,414,513,801,1195,1409,1532,1655,1929,2259,2508,2678,62,61,58,51,24,25,15,19,-1,-15,-17,-10,-26,-49,-61,-66,15,16,-3,-33,-23,-4,12,-1,-41,-39,-22,2,-20,-3,-3,13,5,112,226,356,494,637,767,836,868,942,1014,1067,1064,1145,1175,1229,99,295,466,617,771,954,1134,1281,1364,1489,1603,1704,1730,1846,1940,2043,26,188,305,435,574,676,802,966,1149,1317,1443,1556,1624,1778,1949,2107,-59,55,124,208,324,375,450,656,932,1128,1268,1403,1578,1822,2049,2233,-16,144,252,417,560,569,668,956,1350,1564,1687,1810,2084,2414,2663,2833,-1,-4,-11,-38,-37,-47,-43,-63,-77,-79,-72,-88,-111,-123,-128,1,-18,-48,-38,-19,-3,-16,-56,-54,-37,-13,-35,-18,-18,-2,107,221,351,489,632,762,831,863,937,1009,1062,1059,1140,1170,1224,196,367,518,672,855,1035,1182,1265,1390,1504,1605,1631,1747,1841,1944,162,279,409,548,650,776,940,1123,1291,1417,1530,1598,1752,1923,2081,114,183,267,383,434,509,715,991,1187,1327,1462,1637,1881,2108,2292,160,268,433,576,585,684,972,1366,1580,1703,1826,2100,2430,2679,2849,-3,-10,-37,-36,-46,-42,-62,-76,-78,-71,-87,-110,-122,-127,-19,-49,-39,-20,-4,-17,-57,-55,-38,-14,-36,-19,-19,-3,114,244,382,525,655,724,756,830,902,955,952,1033,1063,1117,171,322,476,659,839,986,1069,1194,1308,1409,1435,1551,1645,1748,117,247,386,488,614,778,961,1129,1255,1368,1436,1590,1761,1919,69,153,269,320,395,601,877,1073,1213,1348,1523,1767,1994,2178,108,273,416,425,524,812,1206,1420,1543,1666,1940,2270,2519,2689,-7,-34,-33,-43,-39,-59,-73,-75,-68,-84,-107,-119,-124,-30,-20,-1,15,2,-38,-36,-19,5,-17,0,0,16,130,268,411,541,610,642,716,788,841,838,919,949,1003,151,305,488,668,815,898,1023,1137,1238,1264,1380,1474,1577,130,269,371,497,661,844,1012,1138,1251,1319,1473,1644,1802,84,200,251,326,532,808,1004,1144,1279,1454,1698,1925,2109,165,308,317,416,704,1098,1312,1435,1558,1832,2162,2411,2581,-27,-26,-36,-32,-52,-66,-68,-61,-77,-100,-112,-117,10,29,45,32,-8,-6,11,35,13,30,30,46,138,281,411,480,512,586,658,711,708,789,819,873,154,337,517,664,747,872,986,1087,1113,1229,1323,1426,139,241,367,531,714,882,1008,1121,1189,1343,1514,1672,116,167,242,448,724,920,1060,1195,1370,1614,1841,2025,143,152,251,539,933,1147,1270,1393,1667,1997,2246,2416,1,-9,-5,-25,-39,-41,-34,-50,-73,-85,-90,19,35,22,-18,-16,1,25,3,20,20,36,143,273,342,374,448,520,573,570,651,681,735,183,363,510,593,718,832,933,959,1075,1169,1272,102,228,392,575,743,869,982,1050,1204,1375,1533,51,126,332,608,804,944,1079,1254,1498,1725,1909,9,108,396,790,1004,1127,1250,1524,1854,2103,2273,-10,-6,-26,-40,-42,-35,-51,-74,-86,-91,16,3,-37,-35,-18,6,-16,1,1,17,130,199,231,305,377,430,427,508,538,592,180,327,410,535,649,750,776,892,986,1089,126,290,473,641,767,880,948,1102,1273,1431,75,281,557,753,893,1028,1203,1447,1674,1858,99,387,781,995,1118,1241,1515,1845,2094,2264,4,-16,-30,-32,-25,-41,-64,-76,-81,-13,-53,-51,-34,-10,-32,-15,-15,1,69,101,175,247,300,297,378,408,462,147,230,355,469,570,596,712,806,909,164,347,515,641,754,822,976,1147,1305,206,482,678,818,953,1128,1372,1599,1783,288,682,896,1019,1142,1416,1746,1995,2165,-20,-34,-36,-29,-45,-68,-80,-85,-40,-38,-21,3,-19,-2,-2,14,32,106,178,231,228,309,339,393,83,208,322,423,449,565,659,762,183,351,477,590,658,812,983,1141,276,472,612,747,922,1166,1393,1577,394,608,731,854,1128,1458,1707,1877,-14,-16,-9,-25,-48,-60,-65,2,19,43,21,38,38,54,74,146,199,196,277,307,361,125,239,340,366,482,576,679,168,294,407,475,629,800,958,196,336,471,646,890,1117,1301,214,337,460,734,1064,1313,1483,-2,5,-11,-34,-46,-51,17,41,19,36,36,52,72,125,122,203,233,287,114,215,241,357,451,554,126,239,307,461,632,790,140,275,450,694,921,1105,123,246,520,850,1099,1269,7,-9,-32,-44,-49,24,2,19,19,35,53,50,131,161,215,101,127,243,337,440,113,181,335,506,664,135,310,554,781,965,123,397,727,976,1146,-16,-39,-51,-56,-22,-5,-5,11,-3,78,108,162,26,142,236,339,68,222,393,551,175,419,646,830,274,604,853,1023,-23,-35,-40,17,17,33,81,111,165,116,210,313,154,325,483,244,471,655,330,579,749,-12,-17,0,16,30,84,94,197,171,329,227,411,249,419,-5,16,54,103,158,184,170,6,1,1,3,-10,-36,-28,-31,-28,-39,-54,-55,-53,-47,-52,-42,-39,-35,13,-99,-142,-80,-16,63,150,228,303,332,353,402,446,471,477,537,558,590,30,-16,29,166,309,442,605,761,911,1011,1097,1193,1272,1328,1355,1447,1505,1569,-10,-67,-49,101,201,300,404,483,589,713,850,979,1071,1156,1211,1318,1447,1565,7,-150,-237,-152,-114,-62,14,22,62,201,413,568,675,769,894,1069,1259,1410,43,-138,-242,-125,-58,69,165,136,174,400,735,914,1011,1102,1330,1592,1809,1954,-5,-5,-3,-16,-42,-34,-37,-34,-45,-60,-61,-59,-53,-58,-48,-45,-41,-112,-155,-93,-29,50,137,215,290,319,340,389,433,458,464,524,545,577,-46,-1,136,279,412,575,731,881,981,1067,1163,1242,1298,1325,1417,1475,1539,-57,-39,111,211,310,414,493,599,723,860,989,1081,1166,1221,1328,1457,1575,-157,-244,-159,-121,-69,7,15,55,194,406,561,668,762,887,1062,1252,1403,-181,-285,-168,-101,26,122,93,131,357,692,871,968,1059,1287,1549,1766,1911,0,2,-11,-37,-29,-32,-29,-40,-55,-56,-54,-48,-53,-43,-40,-36,-43,19,83,162,249,327,402,431,452,501,545,570,576,636,657,689,45,182,325,458,621,777,927,1027,1113,1209,1288,1344,1371,1463,1521,1585,18,168,268,367,471,550,656,780,917,1046,1138,1223,1278,1385,1514,1632,-87,-2,36,88,164,172,212,351,563,718,825,919,1044,1219,1409,1560,-104,13,80,207,303,274,312,538,873,1052,1149,1240,1468,1730,1947,2092,2,-11,-37,-29,-32,-29,-40,-55,-56,-54,-48,-53,-43,-40,-36,62,126,205,292,370,445,474,495,544,588,613,619,679,700,732,137,280,413,576,732,882,982,1068,1164,1243,1299,1326,1418,1476,1540,150,250,349,453,532,638,762,899,1028,1120,1205,1260,1367,1496,1614,85,123,175,251,259,299,438,650,805,912,1006,1131,1306,1496,1647,117,184,311,407,378,416,642,977,1156,1253,1344,1572,1834,2051,2196,-13,-39,-31,-34,-31,-42,-57,-58,-56,-50,-55,-45,-42,-38,64,143,230,308,383,412,433,482,526,551,557,617,638,670,143,276,439,595,745,845,931,1027,1106,1162,1189,1281,1339,1403,100,199,303,382,488,612,749,878,970,1055,1110,1217,1346,1464,38,90,166,174,214,353,565,720,827,921,1046,1221,1411,1562,67,194,290,261,299,525,860,1039,1136,1227,1455,1717,1934,2079,-26,-18,-21,-18,-29,-44,-45,-43,-37,-42,-32,-29,-25,79,166,244,319,348,369,418,462,487,493,553,574,606,133,296,452,602,702,788,884,963,1019,1046,1138,1196,1260,99,203,282,388,512,649,778,870,955,1010,1117,1246,1364,52,128,136,176,315,527,682,789,883,1008,1183,1373,1524,127,223,194,232,458,793,972,1069,1160,1388,1650,1867,2012,8,5,8,-3,-18,-19,-17,-11,-16,-6,-3,1,87,165,240,269,290,339,383,408,414,474,495,527,163,319,469,569,655,751,830,886,913,1005,1063,1127,104,183,289,413,550,679,771,856,911,1018,1147,1265,76,84,124,263,475,630,737,831,956,1131,1321,1472,96,67,105,331,666,845,942,1033,1261,1523,1740,1885,-3,0,-11,-26,-27,-25,-19,-24,-14,-11,-7,78,153,182,203,252,296,321,327,387,408,440,156,306,406,492,588,667,723,750,842,900,964,79,185,309,446,575,667,752,807,914,1043,1161,8,48,187,399,554,661,755,880,1055,1245,1396,-29,9,235,570,749,846,937,1165,1427,1644,1789,3,-8,-23,-24,-22,-16,-21,-11,-8,-4,75,104,125,174,218,243,249,309,330,362,150,250,336,432,511,567,594,686,744,808,106,230,367,496,588,673,728,835,964,1082,40,179,391,546,653,747,872,1047,1237,1388,38,264,599,778,875,966,1194,1456,1673,1818,-11,-26,-27,-25,-19,-24,-14,-11,-7,29,50,99,143,168,174,234,255,287,100,186,282,361,417,444,536,594,658,124,261,390,482,567,622,729,858,976,139,351,506,613,707,832,1007,1197,1348,226,561,740,837,928,1156,1418,1635,1780,-15,-16,-14,-8,-13,-3,0,4,21,70,114,139,145,205,226,258,86,182,261,317,344,436,494,558,137,266,358,443,498,605,734,852,212,367,474,568,693,868,1058,1209,335,514,611,702,930,1192,1409,1554,-1,1,7,2,12,15,19,49,93,118,124,184,205,237,96,175,231,258,350,408,472,129,221,306,361,468,597,715,155,262,356,481,656,846,997,179,276,367,595,857,1074,1219,2,8,3,13,16,20,44,69,75,135,156,188,79,135,162,254,312,376,92,177,232,339,468,586,107,201,326,501,691,842,97,188,416,678,895,1040,6,1,11,14,18,25,31,91,112,144,56,83,175,233,297,85,140,247,376,494,94,219,394,584,735,91,319,581,798,943,-5,5,8,12,6,66,87,119,27,119,177,241,55,162,291,409,125,300,490,641,228,490,707,852,10,13,17,60,81,113,92,150,214,107,236,354,175,365,516,262,479,624,3,7,21,53,58,122,129,247,190,341,217,362,4,32,64,118,151,145,-9,-75,-122,-124,-114,-85,-64,-40,-20,-15,-5,13,28,33,37,57,63,76,28,14,51,159,282,413,520,620,714,791,853,907,947,971,986,1030,1054,1079,-14,-17,12,81,147,205,254,328,408,503,584,661,719,773,811,870,946,1016,-11,-66,-74,-3,11,32,42,15,21,109,250,354,422,486,556,645,786,895,25,-149,-286,-229,-197,-110,-79,-141,-168,-12,236,362,426,490,657,828,999,1110,88,-22,-84,-43,6,128,262,218,247,445,825,967,1018,1058,1318,1577,1742,1829,-66,-113,-115,-105,-76,-55,-31,-11,-6,4,22,37,42,46,66,72,85,-14,23,131,254,385,492,592,686,763,825,879,919,943,958,1002,1026,1051,-3,26,95,161,219,268,342,422,517,598,675,733,787,825,884,960,1030,-55,-63,8,22,43,53,26,32,120,261,365,433,497,567,656,797,906,-174,-311,-254,-222,-135,-104,-166,-193,-37,211,337,401,465,632,803,974,1085,-110,-172,-131,-82,40,174,130,159,357,737,879,930,970,1230,1489,1654,1741,-47,-49,-39,-10,11,35,55,60,70,88,103,108,112,132,138,151,37,145,268,399,506,606,700,777,839,893,933,957,972,1016,1040,1065,29,98,164,222,271,345,425,520,601,678,736,790,828,887,963,1033,-8,63,77,98,108,81,87,175,316,420,488,552,622,711,852,961,-137,-80,-48,39,70,8,-19,137,385,511,575,639,806,977,1148,1259,-62,-21,28,150,284,240,269,467,847,989,1040,1080,1340,1599,1764,1851,-2,8,37,58,82,102,107,117,135,150,155,159,179,185,198,108,231,362,469,569,663,740,802,856,896,920,935,979,1003,1028,69,135,193,242,316,396,491,572,649,707,761,799,858,934,1004,71,85,106,116,89,95,183,324,428,496,560,630,719,860,969,57,89,176,207,145,118,274,522,648,712,776,943,1114,1285,1396,41,90,212,346,302,331,529,909,1051,1102,1142,1402,1661,1826,1913,10,39,60,84,104,109,119,137,152,157,161,181,187,200,123,254,361,461,555,632,694,748,788,812,827,871,895,920,66,124,173,247,327,422,503,580,638,692,730,789,865,935,14,35,45,18,24,112,253,357,425,489,559,648,789,898,32,119,150,88,61,217,465,591,655,719,886,1057,1228,1339,49,171,305,261,290,488,868,1010,1061,1101,1361,1620,1785,1872,29,50,74,94,99,109,127,142,147,151,171,177,190,131,238,338,432,509,571,625,665,689,704,748,772,797,58,107,181,261,356,437,514,572,626,664,723,799,869,21,31,4,10,98,239,343,411,475,545,634,775,884,87,118,56,29,185,433,559,623,687,854,1025,1196,1307,122,256,212,241,439,819,961,1012,1052,1312,1571,1736,1823,21,45,65,70,80,98,113,118,122,142,148,161,107,207,301,378,440,494,534,558,573,617,641,666,49,123,203,298,379,456,514,568,606,665,741,811,10,-17,-11,77,218,322,390,454,524,613,754,863,31,-31,-58,98,346,472,536,600,767,938,1109,1220,134,90,119,317,697,839,890,930,1190,1449,1614,1701,24,44,49,59,77,92,97,101,121,127,140,100,194,271,333,387,427,451,466,510,534,559,74,154,249,330,407,465,519,557,616,692,762,-27,-21,67,208,312,380,444,514,603,744,853,-62,-89,67,315,441,505,569,736,907,1078,1189,-44,-15,183,563,705,756,796,1056,1315,1480,1567,20,25,35,53,68,73,77,97,103,116,94,171,233,287,327,351,366,410,434,459,80,175,256,333,391,445,483,542,618,688,6,94,235,339,407,471,541,630,771,880,-27,129,377,503,567,631,798,969,1140,1251,29,227,607,749,800,840,1100,1359,1524,1611,5,15,33,48,53,57,77,83,96,77,139,193,233,257,272,316,340,365,95,176,253,311,365,403,462,538,608,88,229,333,401,465,535,624,765,874,156,404,530,594,658,825,996,1167,1278,198,578,720,771,811,1071,1330,1495,1582,10,28,43,48,52,72,78,91,62,116,156,180,195,239,263,288,81,158,216,270,308,367,443,513,141,245,313,377,447,536,677,786,248,374,438,502,669,840,1011,1122,380,522,573,613,873,1132,1297,1384,18,33,38,42,62,68,81,54,94,118,133,177,201,226,77,135,189,227,286,362,432,104,172,236,306,395,536,645,126,190,254,421,592,763,874,142,193,233,493,752,917,1004,15,20,24,44,50,63,40,64,79,123,147,172,58,112,150,209,285,355,68,132,202,291,432,541,64,128,295,466,637,748,51,91,351,610,775,862,5,9,29,35,48,24,39,83,107,132,54,92,151,227,297,64,134,223,364,473,64,231,402,573,684,40,300,559,724,811,4,24,30,43,15,59,83,108,38,97,173,243,70,159,300,409,167,338,509,620,260,519,684,771,20,26,39,44,68,93,59,135,205,89,230,339,171,342,453,259,424,511,6,19,24,49,76,146,141,250,171,282,165,252,13,25,70,109,111,87,25,50,101,165,222,269,306,339,371,401,417,431,443,452,455,465,471,473,-8,33,70,81,103,110,149,194,237,278,327,360,383,405,423,445,476,506,-22,4,50,110,91,48,4,-48,-69,-28,32,82,116,165,201,230,320,388,9,-89,-192,-163,-178,-156,-184,-291,-360,-278,-129,-59,-28,8,104,193,318,395,49,-39,-127,-128,-136,-85,-17,-101,-140,-11,275,367,392,413,606,784,908,969,25,76,140,197,244,281,314,346,376,392,406,418,427,430,440,446,448,41,78,89,111,118,157,202,245,286,335,368,391,413,431,453,484,514,26,72,132,113,70,26,-26,-47,-6,54,104,138,187,223,252,342,410,-98,-201,-172,-187,-165,-193,-300,-369,-287,-138,-68,-37,-1,95,184,309,386,-88,-176,-177,-185,-134,-66,-150,-189,-60,226,318,343,364,557,735,859,920,51,115,172,219,256,289,321,351,367,381,393,402,405,415,421,423,37,48,70,77,116,161,204,245,294,327,350,372,390,412,443,473,46,106,87,44,0,-52,-73,-32,28,78,112,161,197,226,316,384,-103,-74,-89,-67,-95,-202,-271,-189,-40,30,61,97,193,282,407,484,-88,-89,-97,-46,22,-62,-101,28,314,406,431,452,645,823,947,1008,64,121,168,205,238,270,300,316,330,342,351,354,364,370,372,11,33,40,79,124,167,208,257,290,313,335,353,375,406,436,60,41,-2,-46,-98,-119,-78,-18,32,66,115,151,180,270,338,29,14,36,8,-99,-168,-86,63,133,164,200,296,385,510,587,-1,-9,42,110,26,-13,116,402,494,519,540,733,911,1035,1096,57,104,141,174,206,236,252,266,278,287,290,300,306,308,22,29,68,113,156,197,246,279,302,324,342,364,395,425,-19,-62,-106,-158,-179,-138,-78,-28,6,55,91,120,210,278,-15,7,-21,-128,-197,-115,34,104,135,171,267,356,481,558,-8,43,111,27,-12,117,403,495,520,541,734,912,1036,1097,47,84,117,149,179,195,209,221,230,233,243,249,251,7,46,91,134,175,224,257,280,302,320,342,373,403,-43,-87,-139,-160,-119,-59,-9,25,74,110,139,229,297,22,-6,-113,-182,-100,49,119,150,186,282,371,496,573,51,119,35,-4,125,411,503,528,549,742,920,1044,1105,37,70,102,132,148,162,174,183,186,196,202,204,39,84,127,168,217,250,273,295,313,335,366,396,-44,-96,-117,-76,-16,34,68,117,153,182,272,340,-28,-135,-204,-122,27,97,128,164,260,349,474,551,68,-16,-55,74,360,452,477,498,691,869,993,1054,33,65,95,111,125,137,146,149,159,165,167,45,88,129,178,211,234,256,274,296,327,357,-52,-73,-32,28,78,112,161,197,226,316,384,-107,-176,-94,55,125,156,192,288,377,502,579,-84,-123,6,292,384,409,430,623,801,925,986,32,62,78,92,104,113,116,126,132,134,43,84,133,166,189,211,229,251,282,312,-21,20,80,130,164,213,249,278,368,436,-69,13,162,232,263,299,395,484,609,686,-39,90,376,468,493,514,707,885,1009,1070,30,46,60,72,81,84,94,100,102,41,90,123,146,168,186,208,239,269,41,101,151,185,234,270,299,389,457,82,231,301,332,368,464,553,678,755,129,415,507,532,553,746,924,1048,1109,16,30,42,51,54,64,70,72,49,82,105,127,145,167,198,228,60,110,144,193,229,258,348,416,149,219,250,286,382,471,596,673,286,378,403,424,617,795,919,980,14,26,35,38,48,54,56,33,56,78,96,118,149,179,50,84,133,169,198,288,356,70,101,137,233,322,447,524,92,117,138,331,509,633,694,12,21,24,34,40,42,23,45,63,85,116,146,34,83,119,148,238,306,31,67,163,252,377,454,25,46,239,417,541,602,9,12,22,28,30,22,40,62,93,123,49,85,114,204,272,36,132,221,346,423,21,214,392,516,577,3,13,19,21,18,40,71,101,36,65,155,223,96,185,310,387,193,371,495,556,10,16,18,22,53,83,29,119,187,89,214,291,178,302,363,6,8,31,61,90,158,125,202,124,185,2,30,68,77,61,-13,-11,-29,-47,-48,-40,-28,-18,-8,4,24,32,33,34,39,43,49,57,-29,-20,-10,-31,-87,-168,-238,-274,-298,-292,-293,-278,-261,-232,-214,-203,-157,-120,-12,-79,-150,-135,-177,-183,-248,-369,-449,-424,-351,-315,-306,-289,-249,-216,-131,-79,28,-124,-292,-353,-399,-385,-353,-449,-530,-477,-283,-227,-218,-213,-82,35,122,166,83,5,-82,-201,-236,-219,-158,-194,-191,-68,180,234,236,231,451,654,725,737,2,-16,-34,-35,-27,-15,-5,5,17,37,45,46,47,52,56,62,70,9,19,-2,-58,-139,-209,-245,-269,-263,-264,-249,-232,-203,-185,-174,-128,-91,-67,-138,-123,-165,-171,-236,-357,-437,-412,-339,-303,-294,-277,-237,-204,-119,-67,-152,-320,-381,-427,-413,-381,-477,-558,-505,-311,-255,-246,-241,-110,7,94,138,-78,-165,-284,-319,-302,-241,-277,-274,-151,97,151,153,148,368,571,642,654,-18,-36,-37,-29,-17,-7,3,15,35,43,44,45,50,54,60,68,10,-11,-67,-148,-218,-254,-278,-272,-273,-258,-241,-212,-194,-183,-137,-100,-71,-56,-98,-104,-169,-290,-370,-345,-272,-236,-227,-210,-170,-137,-52,0,-168,-229,-275,-261,-229,-325,-406,-353,-159,-103,-94,-89,42,159,246,290,-87,-206,-241,-224,-163,-199,-196,-73,175,229,231,226,446,649,720,732,-18,-19,-11,1,11,21,33,53,61,62,63,68,72,78,86,-21,-77,-158,-228,-264,-288,-282,-283,-268,-251,-222,-204,-193,-147,-110,15,-27,-33,-98,-219,-299,-274,-201,-165,-156,-139,-99,-66,19,71,-61,-107,-93,-61,-157,-238,-185,9,65,74,79,210,327,414,458,-119,-154,-137,-76,-112,-109,14,262,316,318,313,533,736,807,819,-1,7,19,29,39,51,71,79,80,81,86,90,96,104,-56,-137,-207,-243,-267,-261,-262,-247,-230,-201,-183,-172,-126,-89,-42,-48,-113,-234,-314,-289,-216,-180,-171,-154,-114,-81,4,56,-46,-32,0,-96,-177,-124,70,126,135,140,271,388,475,519,-35,-18,43,7,10,133,381,435,437,432,652,855,926,938,8,20,30,40,52,72,80,81,82,87,91,97,105,-81,-151,-187,-211,-205,-206,-191,-174,-145,-127,-116,-70,-33,-6,-71,-192,-272,-247,-174,-138,-129,-112,-72,-39,46,98,14,46,-50,-131,-78,116,172,181,186,317,434,521,565,17,78,42,45,168,416,470,472,467,687,890,961,973,12,22,32,44,64,72,73,74,79,83,89,97,-70,-106,-130,-124,-125,-110,-93,-64,-46,-35,11,48,-65,-186,-266,-241,-168,-132,-123,-106,-66,-33,52,104,32,-64,-145,-92,102,158,167,172,303,420,507,551,61,25,28,151,399,453,455,450,670,873,944,956,10,20,32,52,60,61,62,67,71,77,85,-36,-60,-54,-55,-40,-23,6,24,35,81,118,-121,-201,-176,-103,-67,-58,-41,-1,32,117,169,-96,-177,-124,70,126,135,140,271,388,475,519,-36,-33,90,338,392,394,389,609,812,883,895,10,22,42,50,51,52,57,61,67,75,-24,-18,-19,-4,13,42,60,71,117,154,-80,-55,18,54,63,80,120,153,238,290,-81,-28,166,222,231,236,367,484,571,615,3,126,374,428,430,425,645,848,919,931,12,32,40,41,42,47,51,57,65,6,5,20,37,66,84,95,141,178,25,98,134,143,160,200,233,318,370,53,247,303,312,317,448,565,652,696,123,371,425,427,422,642,845,916,928,20,28,29,30,35,39,45,53,-1,14,31,60,78,89,135,172,73,109,118,135,175,208,293,345,194,250,259,264,395,512,599,643,248,302,304,299,519,722,793,805,8,9,10,15,19,25,33,15,32,61,79,90,136,173,36,45,62,102,135,220,272,56,65,70,201,318,405,449,54,56,51,271,474,545,557,1,2,7,11,17,25,17,46,64,75,121,158,9,26,66,99,184,236,9,14,145,262,349,393,2,-3,217,420,491,503,1,6,10,16,24,29,47,58,104,141,17,57,90,175,227,5,136,253,340,384,-5,215,418,489,501,5,9,15,23,18,29,75,112,40,73,158,210,131,248,335,379,220,423,494,506,4,10,18,11,57,94,33,118,170,117,204,248,203,274,286,6,14,46,83,85,137,87,131,71,83,8,37,52,44,12,-7,5,27,10,-23,-79,-101,-109,-118,-131,-138,-135,-126,-115,-110,-106,-93,-81,-7,-34,-47,19,11,17,-44,-133,-188,-175,-157,-143,-141,-125,-112,-109,-63,-37,28,-89,-219,-246,-272,-247,-216,-300,-371,-357,-236,-204,-201,-210,-143,-78,-25,0,60,-37,-146,-245,-270,-248,-195,-214,-227,-138,42,78,81,71,231,383,425,426,12,34,17,-16,-72,-94,-102,-111,-124,-131,-128,-119,-108,-103,-99,-86,-74,-27,-40,26,18,24,-37,-126,-181,-168,-150,-136,-134,-118,-105,-102,-56,-30,-117,-247,-274,-300,-275,-244,-328,-399,-385,-264,-232,-229,-238,-171,-106,-53,-28,-97,-206,-305,-330,-308,-255,-274,-287,-198,-18,18,21,11,171,323,365,366,22,5,-28,-84,-106,-114,-123,-136,-143,-140,-131,-120,-115,-111,-98,-86,-13,53,45,51,-10,-99,-154,-141,-123,-109,-107,-91,-78,-75,-29,-3,-130,-157,-183,-158,-127,-211,-282,-268,-147,-115,-112,-121,-54,11,64,89,-109,-208,-233,-211,-158,-177,-190,-101,79,115,118,108,268,420,462,463,-17,-50,-106,-128,-136,-145,-158,-165,-162,-153,-142,-137,-133,-120,-108,66,58,64,3,-86,-141,-128,-110,-96,-94,-78,-65,-62,-16,10,-27,-53,-28,3,-81,-152,-138,-17,15,18,9,76,141,194,219,-99,-124,-102,-49,-68,-81,8,188,224,227,217,377,529,571,572,-33,-89,-111,-119,-128,-141,-148,-145,-136,-125,-120,-116,-103,-91,-8,-2,-63,-152,-207,-194,-176,-162,-160,-144,-131,-128,-82,-56,-26,-1,30,-54,-125,-111,10,42,45,36,103,168,221,246,-25,-3,50,31,18,107,287,323,326,316,476,628,670,671,-56,-78,-86,-95,-108,-115,-112,-103,-92,-87,-83,-70,-58,6,-55,-144,-199,-186,-168,-154,-152,-136,-123,-120,-74,-48,25,56,-28,-99,-85,36,68,71,62,129,194,247,272,22,75,56,43,132,312,348,351,341,501,653,695,696,-22,-30,-39,-52,-59,-56,-47,-36,-31,-27,-14,-2,-61,-150,-205,-192,-174,-160,-158,-142,-129,-126,-80,-54,31,-53,-124,-110,11,43,46,37,104,169,222,247,53,34,21,110,290,326,329,319,479,631,673,674,-8,-17,-30,-37,-34,-25,-14,-9,-5,8,20,-89,-144,-131,-113,-99,-97,-81,-68,-65,-19,7,-84,-155,-141,-20,12,15,6,73,138,191,216,-19,-32,57,237,273,276,266,426,578,620,621,-9,-22,-29,-26,-17,-6,-1,3,16,28,-55,-42,-24,-10,-8,8,21,24,70,96,-71,-57,64,96,99,90,157,222,275,300,-13,76,256,292,295,285,445,597,639,640,-13,-20,-17,-8,3,8,12,25,37,13,31,45,47,63,76,79,125,151,14,135,167,170,161,228,293,346,371,89,269,305,308,298,458,610,652,653,-7,-4,5,16,21,25,38,50,18,32,34,50,63,66,112,138,121,153,156,147,214,279,332,357,180,216,219,209,369,521,563,564,3,12,23,28,32,45,57,14,16,32,45,48,94,120,32,35,26,93,158,211,236,36,39,29,189,341,383,384,9,20,25,29,42,54,2,18,31,34,80,106,3,-6,61,126,179,204,3,-7,153,305,347,348,11,16,20,33,45,16,29,32,78,104,-9,58,123,176,201,-10,150,302,344,345,5,9,22,34,13,16,62,88,67,132,185,210,160,312,354,355,4,17,29,3,49,75,65,118,143,152,194,195,13,25,46,72,53,78,42,43,12,26,25,1,-2,-19,-35,-4,7,30,-8,-38,-54,-34,-41,-40,-42,-36,-33,-34,-20,-15,19,-40,-105,-100,-97,-45,-2,-57,-97,-98,-17,3,-3,-21,-2,21,46,56,51,-83,-239,-352,-359,-319,-253,-241,-254,-199,-75,-53,-53,-69,37,142,159,153,80,84,95,60,92,141,222,260,323,434,592,610,599,593,764,911,910,878,-17,-33,-2,9,32,-6,-36,-52,-32,-39,-38,-40,-34,-31,-32,-18,-13,-59,-124,-119,-116,-64,-21,-76,-116,-117,-36,-16,-22,-40,-21,2,27,37,-134,-290,-403,-410,-370,-304,-292,-305,-250,-126,-104,-104,-120,-14,91,108,102,4,15,-20,12,61,142,180,243,354,512,530,519,513,684,831,830,798,-16,15,26,49,11,-19,-35,-15,-22,-21,-23,-17,-14,-15,-1,4,-65,-60,-57,-5,38,-17,-57,-58,23,43,37,19,38,61,86,96,-156,-269,-276,-236,-170,-158,-171,-116,8,30,30,14,120,225,242,236,11,-24,8,57,138,176,239,350,508,526,515,509,680,827,826,794,31,42,65,27,-3,-19,1,-6,-5,-7,-1,2,1,15,20,5,8,60,103,48,8,7,88,108,102,84,103,126,151,161,-113,-120,-80,-14,-2,-15,40,164,186,186,170,276,381,398,392,-35,-3,46,127,165,228,339,497,515,504,498,669,816,815,783,11,34,-4,-34,-50,-30,-37,-36,-38,-32,-29,-30,-16,-11,3,55,98,43,3,2,83,103,97,79,98,121,146,156,-7,33,99,111,98,153,277,299,299,283,389,494,511,505,32,81,162,200,263,374,532,550,539,533,704,851,850,818,23,-15,-45,-61,-41,-48,-47,-49,-43,-40,-41,-27,-22,52,95,40,0,-1,80,100,94,76,95,118,143,153,40,106,118,105,160,284,306,306,290,396,501,518,512,49,130,168,231,342,500,518,507,501,672,819,818,786,-38,-68,-84,-64,-71,-70,-72,-66,-63,-64,-50,-45,43,-12,-52,-53,28,48,42,24,43,66,91,101,66,78,65,120,244,266,266,250,356,461,478,472,81,119,182,293,451,469,458,452,623,770,769,737,-30,-46,-26,-33,-32,-34,-28,-25,-26,-12,-7,-55,-95,-96,-15,5,-1,-19,0,23,48,58,12,-1,54,178,200,200,184,290,395,412,406,38,101,212,370,388,377,371,542,689,688,656,-16,4,-3,-2,-4,2,5,4,18,23,-40,-41,40,60,54,36,55,78,103,113,-13,42,166,188,188,172,278,383,400,394,63,174,332,350,339,333,504,651,650,618,20,13,14,12,18,21,20,34,39,-1,80,100,94,76,95,118,143,153,55,179,201,201,185,291,396,413,407,111,269,287,276,270,441,588,587,555,-7,-6,-8,-2,1,0,14,19,81,101,95,77,96,119,144,154,124,146,146,130,236,341,358,352,158,176,165,159,330,477,476,444,1,-1,5,8,7,21,26,20,14,-4,15,38,63,73,22,22,6,112,217,234,228,18,7,1,172,319,318,286,-2,4,7,6,20,25,-6,-24,-5,18,43,53,0,-16,90,195,212,206,-11,-17,154,301,300,268,6,9,8,22,27,-18,1,24,49,59,-16,90,195,212,206,-6,165,312,311,279,3,2,16,21,19,42,67,77,106,211,228,222,171,318,317,285,-1,13,18,23,48,58,105,122,116,147,146,114,14,19,25,35,17,11,-1,-33,5,10,-6,-32,4,-1,-4,17,20,36,73,52,38,24,63,72,69,62,64,65,70,74,31,-54,-168,-282,-303,-300,-245,-219,-221,-206,-142,-133,-129,-147,-95,-34,-32,-37,37,36,29,-21,-13,-7,56,113,161,237,340,351,351,352,473,577,566,543,-5,-8,13,16,32,69,48,34,20,59,68,65,58,60,61,66,70,-85,-199,-313,-334,-331,-276,-250,-252,-237,-173,-164,-160,-178,-126,-65,-63,-68,-1,-8,-58,-50,-44,19,76,124,200,303,314,314,315,436,540,529,506,-3,18,21,37,74,53,39,25,64,73,70,63,65,66,71,75,-114,-228,-249,-246,-191,-165,-167,-152,-88,-79,-75,-93,-41,20,22,17,-7,-57,-49,-43,20,77,125,201,304,315,315,316,437,541,530,507,21,24,40,77,56,42,28,67,76,73,66,68,69,74,78,-114,-135,-132,-77,-51,-53,-38,26,35,39,21,73,134,136,131,-50,-42,-36,27,84,132,208,311,322,322,323,444,548,537,514,3,19,56,35,21,7,46,55,52,45,47,48,53,57,-21,-18,37,63,61,76,140,149,153,135,187,248,250,245,8,14,77,134,182,258,361,372,372,373,494,598,587,564,16,53,32,18,4,43,52,49,42,44,45,50,54,3,58,84,82,97,161,170,174,156,208,269,271,266,6,69,126,174,250,353,364,364,365,486,590,579,556,37,16,2,-12,27,36,33,26,28,29,34,38,55,81,79,94,158,167,171,153,205,266,268,263,63,120,168,244,347,358,358,359,480,584,573,550,-21,-35,-49,-10,-1,-4,-11,-9,-8,-3,1,26,24,39,103,112,116,98,150,211,213,208,57,105,181,284,295,295,296,417,521,510,487,-14,-28,11,20,17,10,12,13,18,22,-2,13,77,86,90,72,124,185,187,182,48,124,227,238,238,239,360,464,453,430,-14,25,34,31,24,26,27,32,36,15,79,88,92,74,126,187,189,184,76,179,190,190,191,312,416,405,382,39,48,45,38,40,41,46,50,64,73,77,59,111,172,174,169,103,114,114,115,236,340,329,306,9,6,-1,1,2,7,11,9,13,-5,47,108,110,105,11,11,12,133,237,226,203,-3,-10,-8,-7,-2,2,4,-14,38,99,101,96,0,1,122,226,215,192,-7,-5,-4,1,5,-18,34,95,97,92,1,122,226,215,192,2,3,8,12,52,113,115,110,121,225,214,191,1,6,10,61,63,58,104,93,70,5,9,2,-3,-11,-34,4,-5,-23,13,-19,-62,-130,-144,-147,-140,-123,-119,-112,-102,-101,-99,-109,-97,-75,-74,-77,19,-24,-72,-122,-118,-127,-111,-61,-38,11,44,45,49,61,136,196,187,174,46,173,342,368,403,417,440,490,581,656,713,714,701,705,793,863,846,813,-32,-75,-143,-157,-160,-153,-136,-132,-125,-115,-114,-112,-122,-110,-88,-87,-90,-43,-91,-141,-137,-146,-130,-80,-57,-8,25,26,30,42,117,177,168,155,127,296,322,357,371,394,444,535,610,667,668,655,659,747,817,800,767,-43,-111,-125,-128,-121,-104,-100,-93,-83,-82,-80,-90,-78,-56,-55,-58,-48,-98,-94,-103,-87,-37,-14,35,68,69,73,85,160,220,211,198,169,195,230,244,267,317,408,483,540,541,528,532,620,690,673,640,-68,-82,-85,-78,-61,-57,-50,-40,-39,-37,-47,-35,-13,-12,-15,-50,-46,-55,-39,11,34,83,116,117,121,133,208,268,259,246,26,61,75,98,148,239,314,371,372,359,363,451,521,504,471,-14,-17,-10,7,11,18,28,29,31,21,33,55,56,53,4,-5,11,61,84,133,166,167,171,183,258,318,309,296,35,49,72,122,213,288,345,346,333,337,425,495,478,445,-3,4,21,25,32,42,43,45,35,47,69,70,67,-9,7,57,80,129,162,163,167,179,254,314,305,292,14,37,87,178,253,310,311,298,302,390,460,443,410,7,24,28,35,45,46,48,38,50,72,73,70,16,66,89,138,171,172,176,188,263,323,314,301,23,73,164,239,296,297,284,288,376,446,429,396,17,21,28,38,39,41,31,43,65,66,63,50,73,122,155,156,160,172,247,307,298,285,50,141,216,273,274,261,265,353,423,406,373,4,11,21,22,24,14,26,48,49,46,23,72,105,106,110,122,197,257,248,235,91,166,223,224,211,215,303,373,356,323,7,17,18,20,10,22,44,45,42,49,82,83,87,99,174,234,225,212,75,132,133,120,124,212,282,265,232,10,11,13,3,15,37,38,35,33,34,38,50,125,185,176,163,57,58,45,49,137,207,190,157,1,3,-7,5,27,28,25,1,5,17,92,152,143,130,1,-12,-8,80,150,133,100,2,-8,4,26,27,24,4,16,91,151,142,129,-13,-9,79,149,132,99,-10,2,24,25,22,12,87,147,138,125,4,92,162,145,112,12,34,35,32,75,135,126,113,88,158,141,108,22,23,20,60,51,38,70,53,20,1,-2,-9,-22,-17,-50,-3,-13,-33,1,-15,-40,-39,-35,-42,-38,-25,-21,-6,-1,-3,0,9,35,51,46,43,5,105,237,300,325,335,339,357,403,449,483,487,480,490,533,560,552,537,-16,-41,-40,-36,-43,-39,-26,-22,-7,-2,-4,-1,8,34,50,45,42,100,232,295,320,330,334,352,398,444,478,482,475,485,528,555,547,532,-25,-24,-20,-27,-23,-10,-6,9,14,12,15,24,50,66,61,58,132,195,220,230,234,252,298,344,378,382,375,385,428,455,447,432,1,5,-2,2,15,19,34,39,37,40,49,75,91,86,83,63,88,98,102,120,166,212,246,250,243,253,296,323,315,300,4,-3,1,14,18,33,38,36,39,48,74,90,85,82,25,35,39,57,103,149,183,187,180,190,233,260,252,237,-7,-3,10,14,29,34,32,35,44,70,86,81,78,10,14,32,78,124,158,162,155,165,208,235,227,212,4,17,21,36,41,39,42,51,77,93,88,85,4,22,68,114,148,152,145,155,198,225,217,202,13,17,32,37,35,38,47,73,89,84,81,18,64,110,144,148,141,151,194,221,213,198,4,19,24,22,25,34,60,76,71,68,46,92,126,130,123,133,176,203,195,180,15,20,18,21,30,56,72,67,64,46,80,84,77,87,130,157,149,134,5,3,6,15,41,57,52,49,34,38,31,41,84,111,103,88,-2,1,10,36,52,47,44,4,-3,7,50,77,69,54,3,12,38,54,49,46,-7,3,46,73,65,50,9,35,51,46,43,10,53,80,72,57,26,42,37,34,43,70,62,47,16,11,8,27,19,4,-5,-8,-8,-23,-3,-15,4,25,70,86,96,104,105,112,123,135,148,152,148,152,163,169,169,165,23,172,344,404,425,440,446,439,496,510,521,517,504,492,494,498,490,474,21,66,82,92,100,101,108,119,131,144,148,144,148,159,165,165,161,149,321,381,402,417,423,416,473,487,498,494,481,469,471,475,467,451,45,61,71,79,80,87,98,110,123,127,123,127,138,144,144,140,172,232,253,268,274,267,324,338,349,345,332,320,322,326,318,302,16,26,34,35,42,53,65,78,82,78,82,93,99,99,95,60,81,96,102,95,152,166,177,173,160,148,150,154,146,130,10,18,19,26,37,49,62,66,62,66,77,83,83,79,21,36,42,35,92,106,117,113,100,88,90,94,86,70,8,9,16,27,39,52,56,52,56,67,73,73,69,15,21,14,71,85,96,92,79,67,69,73,65,49,1,8,19,31,44,48,44,48,59,65,65,61,6,-1,56,70,81,77,64,52,54,58,50,34,7,18,30,43,47,43,47,58,64,64,60,-7,50,64,75,71,58,46,48,52,44,28,11,23,36,40,36,40,51,57,57,53,57,71,82,78,65,53,55,59,51,35,12,25,29,25,29,40,46,46,42,14,25,21,8,-4,-2,2,-6,-22,13,17,13,17,28,34,34,30,11,7,-6,-18,-16,-12,-20,-36,4,0,4,15,21,21,17,-4,-17,-29,-27,-23,-31,-47,-4,0,11,17,17,13,-13,-25,-23,-19,-27,-43,4,15,21,21,17,-12,-10,-6,-14,-30,11,17,17,13,2,6,-2,-18,6,6,2,4,-4,-20,0,-4,-8,-24,-4,-16,-4,70,137,167,168,169,167,158,178,185,188,186,184,177,172,171,168,164,74,141,171,172,173,171,162,182,189,192,190,188,181,176,175,172,168,67,97,98,99,97,88,108,115,118,116,114,107,102,101,98,94,30,31,32,30,21,41,48,51,49,47,40,35,34,31,27,1,2,0,-9,11,18,21,19,17,10,5,4,1,-3,1,-1,-10,10,17,20,18,16,9,4,3,0,-4,-2,-11,9,16,19,17,15,8,3,2,-1,-5,-9,11,18,21,19,17,10,5,4,1,-3,20,27,30,28,26,19,14,13,10,6,7,10,8,6,-1,-6,-7,-10,-14,3,1,-1,-8,-13,-14,-17,-21,-2,-4,-11,-16,-17,-20,-24,-2,-9,-14,-15,-18,-22,-7,-12,-13,-16,-20,-5,-6,-9,-13,-1,-4,-8,-3,-7,-4,27,7,0,-16,-7,-2,7,11,17,5,-3,-7,-12,-14,-13,-13,-15,-19,-20,-27,-43,-34,-29,-20,-16,-10,-22,-30,-34,-39,-41,-40,-40,-42,-46,-7,-23,-14,-9,0,4,10,-2,-10,-14,-19,-21,-20,-20,-22,-26,-16,-7,-2,7,11,17,5,-3,-7,-12,-14,-13,-13,-15,-19,9,14,23,27,33,21,13,9,4,2,3,3,1,-3,5,14,18,24,12,4,0,-5,-7,-6,-6,-8,-12,9,13,19,7,-1,-5,-10,-12,-11,-11,-13,-17,4,10,-2,-10,-14,-19,-21,-20,-20,-22,-26,6,-6,-14,-18,-23,-25,-24,-24,-26,-30,-12,-20,-24,-29,-31,-30,-30,-32,-36,-8,-12,-17,-19,-18,-18,-20,-24,-4,-9,-11,-10,-10,-12,-16,-5,-7,-6,-6,-8,-12,-2,-1,-1,-3,-7,1,1,-1,-5,0,-2,-6,-2,-6,-4,-7,25,-18,-99,-174,-192,-189,-200,-197,-8,-40,-31,-80,-225,-276,-252,-262,-261,-1,-4,-41,-148,-365,-454,-415,-417,-365,24,121,-35,-240,-508,-609,-565,-582,-508,29,199,-20,-278,-562,-650,-602,-597,-522,-20,268,120,-167,-467,-522,-529,-461,-388,-58,336,298,-19,-353,-411,-465,-345,-275,-39,378,317,-79,-452,-483,-562,-366,-278,-20,355,269,-148,-508,-448,-499,-174,-12,-16,357,203,-293,-664,-525,-526,-61,181,-31,359,270,-309,-735,-625,-640,-60,219,-31,327,237,-295,-758,-625,-734,-101,164,-22,276,160,-299,-765,-625,-744,-103,111,32,317,106,-440,-948,-818,-925,-276,-103,103,367,14,-634,-1195,-1092,-1191,-550,-402,157,381,-42,-768,-1385,-1310,-1399,-769,-620,133,368,7,-726,-1424,-1376,-1450,-843,-646,156,385,58,-727,-1482,-1439,-1473,-882,-619,15,4,-71,-131,-164,-156,-167,-151,-16,3,-39,-143,-224,-209,-214,-180,3,-4,-102,-255,-381,-365,-369,-284,65,-20,-214,-409,-545,-528,-543,-449,106,-13,-269,-483,-593,-574,-596,-470,138,113,-173,-403,-485,-502,-520,-347,165,245,-49,-321,-401,-439,-460,-247,173,256,-100,-438,-473,-523,-508,-241,155,222,-152,-507,-449,-463,-358,11,157,191,-257,-651,-516,-479,-270,211,149,244,-234,-716,-596,-564,-283,275,140,222,-209,-711,-573,-621,-337,253,129,168,-227,-708,-545,-605,-355,233,129,121,-378,-887,-722,-783,-535,36,138,28,-570,-1116,-983,-1038,-801,-250,123,-25,-699,-1280,-1188,-1235,-1010,-463,115,32,-657,-1282,-1239,-1278,-1071,-484,94,69,-681,-1342,-1318,-1322,-1124,-483,2,-45,-96,-137,-133,-140,-123,-118,0,9,-78,-165,-172,-178,-124,-105,-9,-28,-157,-292,-305,-324,-220,-146,-33,-123,-290,-454,-451,-489,-368,-286,-42,-177,-365,-519,-495,-555,-390,-335,12,-160,-349,-501,-476,-561,-333,-280,64,-102,-323,-517,-459,-583,-291,-269,71,-132,-410,-613,-508,-643,-271,-289,65,-151,-442,-622,-426,-527,-24,-30,59,-213,-541,-704,-421,-470,175,191,92,-181,-582,-818,-488,-521,239,226,78,-168,-552,-819,-512,-593,248,227,40,-156,-533,-771,-461,-622,269,203,27,-238,-660,-886,-570,-769,146,51,-12,-341,-817,-1064,-737,-960,-55,-141,-22,-401,-919,-1194,-871,-1104,-204,-253,5,-366,-913,-1241,-927,-1179,-238,-229,41,-368,-939,-1304,-969,-1225,-232,-183,-15,-60,-86,-97,-99,-82,-64,19,-61,-107,-144,-159,-100,-48,11,-109,-180,-230,-272,-170,-63,-19,-175,-266,-298,-363,-240,-138,-35,-221,-305,-303,-392,-254,-148,-49,-237,-319,-321,-416,-274,-121,-48,-246,-378,-342,-450,-299,-134,-59,-297,-465,-364,-470,-279,-118,-63,-311,-486,-292,-356,-73,128,-84,-364,-550,-271,-282,107,362,-89,-389,-681,-341,-327,134,400,-74,-357,-663,-351,-371,121,425,-41,-354,-607,-274,-376,124,432,-62,-437,-664,-313,-466,48,351,-86,-512,-744,-387,-566,-65,252,-104,-570,-809,-469,-660,-165,184,-93,-596,-851,-542,-759,-218,181,-107,-643,-914,-598,-824,-224,203,-17,-34,-53,-59,-38,-19,-32,-29,-58,-101,-138,-80,-8,-19,-41,-88,-147,-218,-131,-5,29,-52,-115,-175,-254,-154,-25,-7,-65,-123,-165,-249,-149,-4,-17,-74,-115,-187,-240,-165,43,-24,-70,-151,-229,-241,-193,51,-107,-85,-193,-260,-211,-170,96,-152,-90,-201,-245,-99,-22,313,-1,-104,-224,-243,-8,123,542,188,-95,-306,-322,-10,137,605,172,-98,-286,-379,-44,83,638,93,-114,-263,-331,-63,26,637,49,-141,-281,-321,-97,-30,617,8,-157,-319,-342,-139,-98,573,-39,-171,-347,-374,-195,-158,544,-41,-185,-362,-424,-288,-206,547,2,-195,-376,-449,-336,-190,589,74,-11,-15,-36,-10,9,9,-22,-24,-91,-42,35,57,-38,-33,-141,-77,47,114,-52,-39,-153,-80,51,89,-56,-28,-134,-63,55,93,-40,-42,-122,-57,65,98,-58,-74,-108,-44,59,44,-68,-100,-55,15,100,31,-68,-107,37,151,266,159,-72,-114,117,286,449,334,-110,-182,140,334,503,349,-87,-219,121,309,515,295,-85,-168,123,271,491,277,-93,-134,125,238,484,273,-112,-120,113,198,465,256,-124,-115,81,160,457,270,-133,-122,9,126,479,324,-146,-125,-31,145,531,394,5,-24,-2,21,22,-3,15,-58,-31,45,87,46,29,-88,-53,56,142,142,41,-101,-42,66,131,143,54,-96,-20,60,137,148,39,-111,-4,51,139,138,35,-113,47,47,111,89,28,-95,130,65,101,75,25,-69,255,164,191,181,24,-43,372,277,326,334,9,-25,467,322,370,377,-14,-79,464,305,336,325,21,-89,429,238,327,307,46,-86,404,203,336,311,62,-85,382,189,334,308,72,-99,350,189,355,340,89,-151,319,213,412,411,111,-184,331,263,478,489,-14,-7,21,22,10,-32,-35,32,79,71,-53,-55,31,115,148,-69,-45,36,103,135,-80,-26,25,75,137,-80,0,45,47,146,-86,52,68,-9,112,-88,133,97,-48,105,-89,233,179,-14,183,-90,321,264,57,304,-90,412,314,63,349,-104,444,346,28,342,-125,416,284,-18,336,-133,392,237,-31,342,-132,365,216,-43,334,-135,331,212,-27,356,-167,298,227,26,415,-201,295,257,79,468,-1,23,28,17,-4,-9,36,82,94,39,-11,46,115,167,143,-4,63,107,166,156,10,66,78,179,176,10,97,32,186,203,24,136,-44,156,190,53,172,-123,135,197,84,240,-159,172,278,113,302,-163,248,386,146,346,-219,269,432,143,400,-283,282,447,140,378,-335,322,474,134,356,-359,358,503,117,350,-369,362,514,99,350,-347,389,544,94,376,-284,459,620,107,408,-224,517,680,9,19,8,0,15,52,69,47,20,66,116,125,32,49,110,120,34,17,91,139,60,-15,53,170,90,-74,-15,162,115,-151,-74,167,154,-208,-97,216,185,-242,-87,290,210,-308,-119,323,262,-360,-144,346,261,-393,-127,399,257,-412,-96,447,263,-412,-85,470,268,-387,-56,497,277,-348,-5,546,282,-320,28,569,6,-1,-8,-23,15,31,29,-30,17,52,80,34,3,41,78,36,-12,24,111,64,-33,-32,140,119,-68,-112,144,154,-111,-184,162,194,-152,-247,200,264,-181,-284,257,341,-220,-345,299,400,-267,-416,325,436,-284,-429,400,498,-292,-423,464,531,-293,-426,483,545,-285,-412,494,563,-272,-388,517,586,-263,-369,524,595,-2,-9,-11,7,10,-16,12,38,25,11,50,28,7,67,71,-9,77,156,-28,87,240,-44,121,332,-58,169,440,-65,220,543,-78,267,647,-88,304,740,-86,352,824,-85,401,866,-89,416,881,-85,416,883,-81,424,883,-76,424,873,-3,-4,-17,2,-4,-61,11,17,-37,16,21,-35,22,65,-14,19,153,36,12,244,72,15,331,93,21,426,120,27,514,136,31,613,148,27,714,149,27,802,132,39,848,99,45,864,96,43,863,102,46,859,102,46,847,102,-1,-1,-1,-25,4,-17,7,-29,16,-12,48,31,91,62,135,76,185,86,231,92,283,97,338,98,384,88,408,57,415,50,415,52,413,46,408,41,1,-14,-4,-53,-2,-52,-9,-47,11,-90,38,-155,50,-222,46,-284,35,-341,25,-403,16,-481,11,-576,7,-677,-7,-742,-11,-757,-10,-751,-13,-744,-15,-730,-2,-16,-17,-18,-50,-93,-129,-151,-169,-189,-218,-262,-310,-337,-343,-343,-341,-337,-11,-17,-16,-2,-1,-7,-14,-28,-38,-50,-61,-63,-64,-61,-60,-55,-49,-41,-1,-65,-13,19,-51,-84,-63,-62,-64,6,-29,-23,-49,-191,-262,-226,-217,-168,31,96,-17,-141,-334,-417,-376,-382,-311,36,174,-2,-179,-388,-458,-413,-397,-325,-13,243,138,-68,-293,-330,-340,-261,-191,-51,311,316,80,-179,-219,-276,-145,-78,-32,353,335,20,-278,-291,-373,-166,-81,-13,330,287,-49,-334,-256,-310,26,185,-9,332,221,-194,-490,-333,-337,139,378,-24,334,288,-210,-561,-433,-451,140,416,-24,302,255,-196,-584,-433,-545,99,361,-15,251,178,-200,-591,-433,-555,97,308,39,292,124,-341,-774,-626,-736,-76,94,110,342,32,-535,-1021,-900,-1002,-350,-205,164,356,-24,-669,-1211,-1118,-1210,-569,-423,140,343,25,-627,-1250,-1184,-1261,-643,-449,163,360,76,-628,-1308,-1247,-1284,-682,-422,-31,-1,32,-12,-60,-53,-47,-29,-12,-8,-31,-124,-217,-209,-202,-133,50,-24,-143,-278,-381,-372,-376,-298,91,-17,-198,-352,-429,-418,-429,-319,123,109,-102,-272,-321,-346,-353,-196,150,241,22,-190,-237,-283,-293,-96,158,252,-29,-307,-309,-367,-341,-90,140,218,-81,-376,-285,-307,-191,162,142,187,-186,-520,-352,-323,-103,362,134,240,-163,-585,-432,-408,-116,426,125,218,-138,-580,-409,-465,-170,404,114,164,-156,-577,-381,-449,-188,384,114,117,-307,-756,-558,-627,-368,187,123,24,-499,-985,-819,-882,-634,-99,108,-29,-628,-1149,-1024,-1079,-843,-312,100,28,-586,-1151,-1075,-1122,-904,-333,79,65,-610,-1211,-1154,-1166,-957,-332,-2,54,18,-28,-39,-38,-1,13,-11,17,-61,-155,-172,-184,-97,-28,-35,-78,-194,-317,-318,-349,-245,-168,-44,-132,-269,-382,-362,-415,-267,-217,10,-115,-253,-364,-343,-421,-210,-162,62,-57,-227,-380,-326,-443,-168,-151,69,-87,-314,-476,-375,-503,-148,-171,63,-106,-346,-485,-293,-387,99,88,57,-168,-445,-567,-288,-330,298,309,90,-136,-486,-681,-355,-381,362,344,76,-123,-456,-682,-379,-453,371,345,38,-111,-437,-634,-328,-482,392,321,25,-193,-564,-749,-437,-629,269,169,-14,-296,-721,-927,-604,-820,68,-23,-24,-356,-823,-1057,-738,-964,-81,-135,3,-321,-817,-1104,-794,-1039,-115,-111,39,-323,-843,-1167,-836,-1085,-109,-65,34,-1,-21,-47,-60,-18,16,26,-49,-94,-133,-173,-88,1,-4,-115,-180,-201,-264,-158,-74,-20,-161,-219,-206,-293,-172,-84,-34,-177,-233,-224,-317,-192,-57,-33,-186,-292,-245,-351,-217,-70,-44,-237,-379,-267,-371,-197,-54,-48,-251,-400,-195,-257,9,192,-69,-304,-464,-174,-183,189,426,-74,-329,-595,-244,-228,216,464,-59,-297,-577,-254,-272,203,489,-26,-294,-521,-177,-277,206,496,-47,-377,-578,-216,-367,130,415,-71,-452,-658,-290,-467,17,316,-89,-510,-723,-372,-561,-83,248,-78,-536,-765,-445,-660,-136,245,-92,-583,-828,-501,-725,-142,267,-12,-24,-48,-79,-42,11,13,-24,-54,-94,-159,-93,14,61,-35,-81,-122,-195,-116,-6,25,-48,-89,-112,-190,-111,15,15,-57,-81,-134,-181,-127,62,8,-53,-117,-176,-182,-155,70,-75,-68,-159,-207,-152,-132,115,-120,-73,-167,-192,-40,16,332,31,-87,-190,-190,51,161,561,220,-78,-272,-269,49,175,624,204,-81,-252,-326,15,121,657,125,-97,-229,-278,-4,64,656,81,-124,-247,-268,-38,8,636,40,-140,-285,-289,-80,-60,592,-7,-154,-313,-321,-136,-120,563,-9,-168,-328,-371,-229,-168,566,34,-178,-342,-396,-277,-152,608,106,-11,-9,-55,-32,26,48,-27,-18,-105,-67,38,105,-41,-24,-117,-70,42,80,-45,-13,-98,-53,46,84,-29,-27,-86,-47,56,89,-47,-59,-72,-34,50,35,-57,-85,-19,25,91,22,-57,-92,73,161,257,150,-61,-99,153,296,440,325,-99,-167,176,344,494,340,-76,-204,157,319,506,286,-74,-153,159,281,482,268,-82,-119,161,248,475,264,-101,-105,149,208,456,247,-113,-100,117,170,448,261,-122,-107,45,136,470,315,-135,-110,5,155,522,385,10,-34,-29,24,65,49,24,-64,-51,35,120,145,36,-77,-40,45,109,146,49,-72,-18,39,115,151,34,-87,-2,30,117,141,30,-89,49,26,89,92,23,-71,132,44,79,78,20,-45,257,143,169,184,19,-19,374,256,304,337,4,-1,469,301,348,380,-19,-55,466,284,314,328,16,-65,431,217,305,310,41,-62,406,182,314,314,57,-61,384,168,312,311,67,-75,352,168,333,343,84,-127,321,192,390,414,106,-160,333,242,456,492,-18,-28,11,57,61,-39,-48,10,93,138,-55,-38,15,81,125,-66,-19,4,53,127,-66,7,24,25,136,-72,59,47,-31,102,-74,140,76,-70,95,-75,240,158,-36,173,-76,328,243,35,294,-76,419,293,41,339,-90,451,325,6,332,-111,423,263,-40,326,-119,399,216,-53,332,-118,372,195,-65,324,-121,338,191,-49,346,-153,305,206,4,405,-187,302,236,57,458,-8,13,54,77,43,-10,23,87,150,147,-3,40,79,149,160,11,43,50,162,180,11,74,4,169,207,25,113,-72,139,194,54,149,-151,118,201,85,217,-187,155,282,114,279,-191,231,390,147,323,-247,252,436,144,377,-311,265,451,141,355,-363,305,478,135,333,-387,341,507,118,327,-397,345,518,100,327,-375,372,548,95,353,-312,442,624,108,385,-252,500,684,6,33,61,47,11,47,108,125,23,30,102,120,25,-2,83,139,51,-34,45,170,81,-93,-23,162,106,-170,-82,167,145,-227,-105,216,176,-261,-95,290,201,-327,-127,323,253,-379,-152,346,252,-412,-135,399,248,-431,-104,447,254,-431,-93,470,259,-406,-64,497,268,-367,-13,546,273,-339,20,569,9,32,37,-7,11,53,88,57,-3,42,86,59,-18,25,119,87,-39,-31,148,142,-74,-111,152,177,-117,-183,170,217,-158,-246,208,287,-187,-283,265,364,-226,-344,307,423,-273,-415,333,459,-290,-428,408,521,-298,-422,472,554,-299,-425,491,568,-291,-411,502,586,-278,-387,525,609,-269,-368,532,618,9,19,-5,14,47,36,13,59,39,9,76,82,-7,86,167,-26,96,251,-42,130,343,-56,178,451,-63,229,554,-76,276,658,-86,313,751,-84,361,835,-83,410,877,-87,425,892,-83,425,894,-79,433,894,-74,433,884,5,0,-44,14,21,-20,19,25,-18,25,69,3,22,157,53,15,248,89,18,335,110,24,430,137,30,518,153,34,617,165,30,718,166,30,806,149,42,852,116,48,868,113,46,867,119,49,863,119,49,851,119,0,-24,5,-16,8,-28,17,-11,49,32,92,63,136,77,186,87,232,93,284,98,339,99,385,89,409,58,416,51,416,53,414,47,409,42,-5,-39,-3,-38,-10,-33,10,-76,37,-141,49,-208,45,-270,34,-327,24,-389,15,-467,10,-562,6,-663,-8,-728,-12,-743,-11,-737,-14,-730,-16,-716,-14,-15,-16,-48,-91,-127,-149,-167,-187,-216,-260,-308,-335,-341,-341,-339,-335,-6,-5,9,10,4,-3,-17,-27,-39,-50,-52,-53,-50,-49,-44,-38,-30,7,36,-10,-68,-140,-178,-163,-155,-104,32,161,-4,-160,-283,-333,-313,-320,-247,37,239,11,-198,-337,-374,-350,-335,-261,-12,308,151,-87,-242,-246,-277,-199,-127,-50,376,329,61,-128,-135,-213,-83,-14,-31,418,348,1,-227,-207,-310,-104,-17,-12,395,300,-68,-283,-172,-247,88,249,-8,397,234,-213,-439,-249,-274,201,442,-23,399,301,-229,-510,-349,-388,202,480,-23,367,268,-215,-533,-349,-482,161,425,-14,316,191,-219,-540,-349,-492,159,372,40,357,137,-360,-723,-542,-673,-14,158,111,407,45,-554,-970,-816,-939,-288,-141,165,421,-11,-688,-1160,-1034,-1147,-507,-359,141,408,38,-646,-1199,-1100,-1198,-581,-385,164,425,89,-647,-1257,-1163,-1221,-620,-358,19,-7,-63,-112,-157,-156,-155,-104,81,-23,-175,-266,-321,-319,-329,-269,122,-16,-230,-340,-369,-365,-382,-290,154,110,-134,-260,-261,-293,-306,-167,181,242,-10,-178,-177,-230,-246,-67,189,253,-61,-295,-249,-314,-294,-61,171,219,-113,-364,-225,-254,-144,191,173,188,-218,-508,-292,-270,-56,391,165,241,-195,-573,-372,-355,-69,455,156,219,-170,-568,-349,-412,-123,433,145,165,-188,-565,-321,-396,-141,413,145,118,-339,-744,-498,-574,-321,216,154,25,-531,-973,-759,-829,-587,-70,139,-28,-660,-1137,-964,-1026,-796,-283,131,29,-618,-1139,-1015,-1069,-857,-304,110,66,-642,-1199,-1094,-1113,-910,-303,-9,-37,-79,-127,-133,-146,-96,-41,-33,-132,-212,-289,-279,-311,-244,-181,-42,-186,-287,-354,-323,-377,-266,-230,12,-169,-271,-336,-304,-383,-209,-175,64,-111,-245,-352,-287,-405,-167,-164,71,-141,-332,-448,-336,-465,-147,-184,65,-160,-364,-457,-254,-349,100,75,59,-222,-463,-539,-249,-292,299,296,92,-190,-504,-653,-316,-343,363,331,78,-177,-474,-654,-340,-415,372,332,40,-165,-455,-606,-289,-444,393,308,27,-247,-582,-721,-398,-591,270,156,-12,-350,-739,-899,-565,-782,69,-36,-22,-410,-841,-1029,-699,-926,-80,-148,5,-375,-835,-1076,-755,-1001,-114,-124,41,-377,-861,-1139,-797,-1047,-108,-78,-8,-48,-73,-86,-113,-70,-15,-38,-114,-159,-154,-204,-140,-90,-54,-160,-198,-159,-233,-154,-100,-68,-176,-212,-177,-257,-174,-73,-67,-185,-271,-198,-291,-199,-86,-78,-236,-358,-220,-311,-179,-70,-82,-250,-379,-148,-197,27,176,-103,-303,-443,-127,-123,207,410,-108,-328,-574,-197,-168,234,448,-93,-296,-556,-207,-212,221,473,-60,-293,-500,-130,-217,224,480,-81,-376,-557,-169,-307,148,399,-105,-451,-637,-243,-407,35,300,-123,-509,-702,-325,-501,-65,232,-112,-535,-744,-398,-600,-118,229,-126,-582,-807,-454,-665,-124,251,-12,-30,-46,-80,-51,3,48,-23,-57,-74,-116,-74,-17,12,-36,-65,-64,-111,-69,4,2,-45,-57,-86,-102,-85,51,-5,-41,-93,-128,-103,-113,59,-88,-56,-135,-159,-73,-90,104,-133,-61,-143,-144,39,58,321,18,-75,-166,-142,130,203,550,207,-66,-248,-221,128,217,613,191,-69,-228,-278,94,163,646,112,-85,-205,-230,75,106,645,68,-112,-223,-220,41,50,625,27,-128,-261,-241,-1,-18,581,-20,-142,-289,-273,-57,-78,552,-22,-156,-304,-323,-150,-126,555,21,-166,-318,-348,-198,-110,597,93,-16,-9,-50,-35,12,57,-30,-15,-62,-38,16,32,-34,-4,-43,-21,20,36,-18,-18,-31,-15,30,41,-36,-50,-17,-2,24,-13,-46,-76,36,57,65,-26,-46,-83,128,193,231,102,-50,-90,208,328,414,277,-88,-158,231,376,468,292,-65,-195,212,351,480,238,-63,-144,214,313,456,220,-71,-110,216,280,449,216,-90,-96,204,240,430,199,-102,-91,172,202,422,213,-111,-98,100,168,444,267,-124,-101,60,187,496,337,14,-30,-22,11,55,96,26,-43,-11,21,44,97,39,-38,11,15,50,102,24,-53,27,6,52,92,20,-55,78,2,24,43,13,-37,161,20,14,29,10,-11,286,119,104,135,9,15,403,232,239,288,-6,33,498,277,283,331,-29,-21,495,260,249,279,6,-31,460,193,240,261,31,-28,435,158,249,265,47,-27,413,144,247,262,57,-41,381,144,268,294,74,-93,350,168,325,365,96,-126,362,218,391,443,-21,-20,-1,36,77,-37,-10,4,24,64,-48,9,-7,-4,66,-48,35,13,-32,75,-54,87,36,-88,41,-56,168,65,-127,34,-57,268,147,-93,112,-58,356,232,-22,233,-58,447,282,-16,278,-72,479,314,-51,271,-93,451,252,-97,265,-101,427,205,-110,271,-100,400,184,-122,263,-103,366,180,-106,285,-135,333,195,-53,344,-169,330,225,0,397,-2,10,33,73,104,5,27,25,72,117,19,30,-4,85,137,19,61,-50,92,164,33,100,-126,62,151,62,136,-205,41,158,93,204,-241,78,239,122,266,-245,154,347,155,310,-301,175,393,152,364,-365,188,408,149,342,-417,228,435,143,320,-441,264,464,126,314,-451,268,475,108,314,-429,295,505,103,340,-366,365,581,116,372,-306,423,641,5,14,47,78,17,-3,41,73,19,-35,22,92,45,-67,-16,123,75,-126,-84,115,100,-203,-143,120,139,-260,-166,169,170,-294,-156,243,195,-360,-188,276,247,-412,-213,299,246,-445,-196,352,242,-464,-165,400,248,-464,-154,423,253,-439,-125,450,262,-400,-74,499,267,-372,-41,522,2,21,51,64,-12,10,49,66,-27,-7,82,94,-48,-63,111,149,-83,-143,115,184,-126,-215,133,224,-167,-278,171,294,-196,-315,228,371,-235,-376,270,430,-282,-447,296,466,-299,-460,371,528,-307,-454,435,561,-308,-457,454,575,-300,-443,465,593,-287,-419,488,616,-278,-400,495,625,5,28,41,4,40,44,0,57,87,-16,67,172,-35,77,256,-51,111,348,-65,159,456,-72,210,559,-85,257,663,-95,294,756,-93,342,840,-92,391,882,-96,406,897,-92,406,899,-88,414,899,-83,414,889,9,21,24,14,25,26,20,69,47,17,157,97,10,248,133,13,335,154,19,430,181,25,518,197,29,617,209,25,718,210,25,806,193,37,852,160,43,868,157,41,867,163,44,863,163,44,851,163,5,8,8,-4,17,13,49,56,92,87,136,101,186,111,232,117,284,122,339,123,385,113,409,82,416,75,416,77,414,71,409,66,2,1,-5,6,15,-37,42,-102,54,-169,50,-231,39,-288,29,-350,20,-428,15,-523,11,-624,-3,-689,-7,-704,-6,-698,-9,-691,-11,-677,-1,-2,-34,-77,-113,-135,-153,-173,-202,-246,-294,-321,-327,-327,-325,-321,1,15,16,10,3,-11,-21,-33,-44,-46,-47,-44,-43,-38,-32,-24,25,125,6,-92,-143,-155,-150,-165,-143,30,203,21,-130,-197,-196,-187,-180,-157,-19,272,161,-19,-102,-68,-114,-44,-23,-57,340,339,129,12,43,-50,72,90,-38,382,358,69,-87,-29,-147,51,87,-19,359,310,0,-143,6,-84,243,353,-15,361,244,-145,-299,-71,-111,356,546,-30,363,311,-161,-370,-171,-225,357,584,-30,331,278,-147,-393,-171,-319,316,529,-21,280,201,-151,-400,-171,-329,314,476,33,321,147,-292,-583,-364,-510,141,262,104,371,55,-486,-830,-638,-776,-133,-37,158,385,-1,-620,-1020,-856,-984,-352,-255,134,372,48,-578,-1059,-922,-1035,-426,-281,157,389,99,-579,-1117,-985,-1058,-465,-254,62,-16,-112,-154,-164,-163,-174,-165,103,-9,-167,-228,-212,-209,-227,-186,135,117,-71,-148,-104,-137,-151,-63,162,249,53,-66,-20,-74,-91,37,170,260,2,-183,-92,-158,-139,43,152,226,-50,-252,-68,-98,11,295,154,195,-155,-396,-135,-114,99,495,146,248,-132,-461,-215,-199,86,559,137,226,-107,-456,-192,-256,32,537,126,172,-125,-453,-164,-240,14,517,126,125,-276,-632,-341,-418,-166,320,135,32,-468,-861,-602,-673,-432,34,120,-21,-597,-1025,-807,-870,-641,-179,112,36,-555,-1027,-858,-913,-702,-200,91,73,-579,-1087,-937,-957,-755,-199,-24,-95,-133,-162,-146,-165,-148,-140,-33,-149,-208,-227,-190,-231,-170,-189,21,-132,-192,-209,-171,-237,-113,-134,73,-74,-166,-225,-154,-259,-71,-123,80,-104,-253,-321,-203,-319,-51,-143,74,-123,-285,-330,-121,-203,196,116,68,-185,-384,-412,-116,-146,395,337,101,-153,-425,-526,-183,-197,459,372,87,-140,-395,-527,-207,-269,468,373,49,-128,-376,-479,-156,-298,489,349,36,-210,-503,-594,-265,-445,366,197,-3,-313,-660,-772,-432,-636,165,5,-13,-373,-762,-902,-566,-780,16,-107,14,-338,-756,-949,-622,-855,-18,-83,50,-340,-782,-1012,-664,-901,-12,-37,-30,-66,-86,-68,-91,-70,-75,-46,-112,-125,-73,-120,-84,-85,-60,-128,-139,-91,-144,-104,-58,-59,-137,-198,-112,-178,-129,-71,-70,-188,-285,-134,-198,-109,-55,-74,-202,-306,-62,-84,97,191,-95,-255,-370,-41,-10,277,425,-100,-280,-501,-111,-55,304,463,-85,-248,-483,-121,-99,291,488,-52,-245,-427,-44,-104,294,495,-73,-328,-484,-83,-194,218,414,-97,-403,-564,-157,-294,105,315,-115,-461,-629,-239,-388,5,247,-104,-487,-671,-312,-487,-48,244,-118,-534,-734,-368,-552,-54,266,-11,-27,-28,-36,-23,-20,-36,-24,-35,-18,-31,-18,1,-46,-33,-27,-40,-22,-34,48,-53,-29,-63,-82,-23,-62,56,-136,-44,-105,-113,7,-39,101,-181,-49,-113,-98,119,109,318,-30,-63,-136,-96,210,254,547,159,-54,-218,-175,208,268,610,143,-57,-198,-232,174,214,643,64,-73,-175,-184,155,157,642,20,-100,-193,-174,121,101,622,-21,-116,-231,-195,79,33,578,-68,-130,-259,-227,23,-27,549,-70,-144,-274,-277,-70,-75,552,-27,-154,-288,-302,-118,-59,594,45,-14,-6,-12,-3,4,-25,-18,5,7,14,8,-21,-2,-9,19,20,18,-16,-20,-41,33,33,12,-70,-30,-67,86,92,53,-83,-30,-74,178,228,219,45,-34,-81,258,363,402,220,-72,-149,281,411,456,235,-49,-186,262,386,468,181,-47,-135,264,348,444,163,-55,-101,266,315,437,159,-74,-87,254,275,418,142,-86,-82,222,237,410,156,-95,-89,150,203,432,210,-108,-92,110,222,484,280,12,-13,11,10,-11,1,25,-8,33,4,-5,6,10,-23,49,-5,-3,-4,6,-25,100,-9,-31,-53,-1,-7,183,9,-41,-67,-4,19,308,108,49,39,-5,45,425,221,184,192,-20,63,520,266,228,235,-43,9,517,249,194,183,-8,-1,482,182,185,165,17,2,457,147,194,169,33,3,435,133,192,166,43,-11,403,133,213,198,60,-63,372,157,270,269,82,-96,384,207,336,347,-16,10,5,-12,-13,-27,29,-6,-40,-11,-27,55,14,-68,-2,-33,107,37,-124,-36,-35,188,66,-163,-43,-36,288,148,-129,35,-37,376,233,-58,156,-37,467,283,-52,201,-51,499,315,-87,194,-72,471,253,-133,188,-80,447,206,-146,194,-79,420,185,-158,186,-82,386,181,-142,208,-114,353,196,-89,267,-148,350,226,-36,320,7,17,-8,-1,13,21,20,-37,12,33,21,51,-83,19,60,35,90,-159,-11,47,64,126,-238,-32,54,95,194,-274,5,135,124,256,-278,81,243,157,300,-334,102,289,154,354,-398,115,304,151,332,-450,155,331,145,310,-474,191,360,128,304,-484,195,371,110,304,-462,222,401,105,330,-399,292,477,118,362,-339,350,537,12,-17,-6,-5,14,-49,-25,14,40,-81,-63,45,70,-140,-131,37,95,-217,-190,42,134,-274,-213,91,165,-308,-203,165,190,-374,-235,198,242,-426,-260,221,241,-459,-243,274,237,-478,-212,322,243,-478,-201,345,248,-453,-172,372,257,-414,-121,421,262,-386,-88,444,-14,-11,-2,2,-29,-28,31,30,-50,-84,60,85,-85,-164,64,120,-128,-236,82,160,-169,-299,120,230,-198,-336,177,307,-237,-397,219,366,-284,-468,245,402,-301,-481,320,464,-309,-475,384,497,-310,-478,403,511,-302,-464,414,529,-289,-440,437,552,-280,-421,444,561,-1,12,3,-5,29,46,-21,39,131,-40,49,215,-56,83,307,-70,131,415,-77,182,518,-90,229,622,-100,266,715,-98,314,799,-97,363,841,-101,378,856,-97,378,858,-93,386,858,-88,386,848,5,4,2,11,48,23,8,136,73,1,227,109,4,314,130,10,409,157,16,497,173,20,596,185,16,697,186,16,785,169,28,831,136,34,847,133,32,846,139,35,842,139,35,830,139,3,-12,12,5,44,48,87,79,131,93,181,103,227,109,279,114,334,115,380,105,404,74,411,67,411,69,409,63,404,58,-7,5,13,-38,40,-103,52,-170,48,-232,37,-289,27,-351,18,-429,13,-524,9,-625,-5,-690,-9,-705,-8,-699,-11,-692,-13,-678,-1,-33,-76,-112,-134,-152,-172,-201,-245,-293,-320,-326,-326,-324,-320,14,15,9,2,-12,-22,-34,-45,-47,-48,-45,-44,-39,-33,-25,5,78,15,-38,-54,-41,-37,-15,-14,-44,147,155,73,41,87,36,121,120,-82,215,333,221,155,198,100,237,233,-63,257,352,161,56,126,3,216,230,-44,234,304,92,0,161,66,408,496,-40,236,238,-53,-156,84,39,521,689,-55,238,305,-69,-227,-16,-75,522,727,-55,206,272,-55,-250,-16,-169,481,672,-46,155,195,-59,-257,-16,-179,479,619,8,196,141,-200,-440,-209,-360,306,405,79,246,49,-394,-687,-483,-626,32,106,133,260,-7,-528,-877,-701,-834,-187,-112,109,247,42,-486,-916,-767,-885,-261,-138,132,264,93,-487,-974,-830,-908,-300,-111,41,7,-55,-74,-48,-46,-53,-21,73,133,41,6,60,26,23,102,100,265,165,88,144,89,83,202,108,276,114,-29,72,5,35,208,90,242,62,-98,96,65,185,460,92,211,-43,-242,29,49,273,660,84,264,-20,-307,-51,-36,260,724,75,242,5,-302,-28,-93,206,702,64,188,-13,-299,0,-77,188,682,64,141,-164,-478,-177,-255,8,485,73,48,-356,-707,-438,-510,-258,199,58,-5,-485,-871,-643,-707,-467,-14,50,52,-443,-873,-694,-750,-528,-35,29,89,-467,-933,-773,-794,-581,-34,-9,-54,-75,-65,-44,-66,-22,-49,45,-37,-59,-47,-25,-72,35,6,97,21,-33,-63,-8,-94,77,17,104,-9,-120,-159,-57,-154,97,-3,98,-28,-152,-168,25,-38,344,256,92,-90,-251,-250,30,19,543,477,125,-58,-292,-364,-37,-32,607,512,111,-45,-262,-365,-61,-104,616,513,73,-33,-243,-317,-10,-133,637,489,60,-115,-370,-432,-119,-280,514,337,21,-218,-527,-610,-286,-471,313,145,11,-278,-629,-740,-420,-615,164,33,38,-243,-623,-787,-476,-690,130,57,74,-245,-649,-850,-518,-736,136,103,-16,-46,-39,-5,-29,-14,-10,-30,-62,-53,-23,-53,-34,17,-29,-71,-112,-44,-87,-59,4,-40,-122,-199,-66,-107,-39,20,-44,-136,-220,6,7,167,266,-65,-189,-284,27,81,347,500,-70,-214,-415,-43,36,374,538,-55,-182,-397,-53,-8,361,563,-22,-179,-341,24,-13,364,570,-43,-262,-398,-15,-103,288,489,-67,-337,-478,-89,-203,175,390,-85,-395,-543,-171,-297,75,322,-74,-421,-585,-244,-396,22,319,-88,-468,-648,-300,-461,16,341,-13,-8,10,5,5,21,-10,-22,0,-12,14,-11,68,-17,-18,-36,-54,13,-39,76,-100,-33,-78,-85,43,-16,121,-145,-38,-86,-70,155,132,338,6,-52,-109,-68,246,277,567,195,-43,-191,-147,244,291,630,179,-46,-171,-204,210,237,663,100,-62,-148,-156,191,180,662,56,-89,-166,-146,157,124,642,15,-105,-204,-167,115,56,598,-32,-119,-232,-199,59,-4,569,-34,-133,-247,-249,-34,-52,572,9,-143,-261,-274,-82,-36,614,81,-4,11,19,17,4,4,12,-3,31,23,14,9,-6,-35,45,36,8,-45,-16,-61,98,95,49,-58,-16,-68,190,231,215,70,-20,-75,270,366,398,245,-58,-143,293,414,452,260,-35,-180,274,389,464,206,-33,-129,276,351,440,188,-41,-95,278,318,433,184,-60,-81,266,278,414,167,-72,-76,234,240,406,181,-81,-83,162,206,428,235,-94,-86,122,225,480,305,13,5,22,-6,6,5,-2,-10,38,-15,8,-5,-6,-12,89,-19,-20,-54,-13,6,172,-1,-30,-68,-16,32,297,98,60,38,-17,58,414,211,195,191,-32,76,509,256,239,234,-55,22,506,239,205,182,-20,12,471,172,196,164,5,15,446,137,205,168,21,16,424,123,203,165,31,2,392,123,224,197,48,-50,361,147,281,268,70,-83,373,197,347,346,-11,19,-11,-28,2,-11,45,9,-56,11,-17,97,32,-112,-23,-19,178,61,-151,-30,-20,278,143,-117,48,-21,366,228,-46,169,-21,457,278,-40,214,-35,489,310,-75,207,-56,461,248,-121,201,-64,437,201,-134,207,-63,410,180,-146,199,-66,376,176,-130,221,-98,343,191,-77,280,-132,340,221,-24,333,14,3,-29,13,20,14,34,-75,20,47,28,73,-151,-10,34,57,109,-230,-31,41,88,177,-266,6,122,117,239,-270,82,230,150,283,-326,103,276,147,337,-390,116,291,144,315,-442,156,318,138,293,-466,192,347,121,287,-476,196,358,103,287,-454,223,388,98,313,-391,293,464,111,345,-331,351,524,2,-32,-19,19,28,-64,-57,50,58,-123,-125,42,83,-200,-184,47,122,-257,-207,96,153,-291,-197,170,178,-357,-229,203,230,-409,-254,226,229,-442,-237,279,225,-461,-206,327,231,-461,-195,350,236,-436,-166,377,245,-397,-115,426,250,-369,-82,449,-15,-17,33,28,-36,-73,62,83,-71,-153,66,118,-114,-225,84,158,-155,-288,122,228,-184,-325,179,305,-223,-386,221,364,-270,-457,247,400,-287,-470,322,462,-295,-464,386,495,-296,-467,405,509,-288,-453,416,527,-275,-429,439,550,-266,-410,446,559,-4,17,43,-20,27,128,-39,37,212,-55,71,304,-69,119,412,-76,170,515,-89,217,619,-99,254,712,-97,302,796,-96,351,838,-100,366,853,-96,366,855,-92,374,855,-87,374,845,6,44,21,3,132,71,-4,223,107,-1,310,128,5,405,155,11,493,171,15,592,183,11,693,184,11,781,167,23,827,134,29,843,131,27,842,137,30,838,137,30,826,137,9,17,41,60,84,91,128,105,178,115,224,121,276,126,331,127,377,117,401,86,408,79,408,81,406,75,401,70,20,-43,47,-108,59,-175,55,-237,44,-294,34,-356,25,-434,20,-529,16,-630,2,-695,-2,-710,-1,-704,-4,-697,-6,-683,-32,-75,-111,-133,-151,-171,-200,-244,-292,-319,-325,-325,-323,-319,1,-5,-12,-26,-36,-48,-59,-61,-62,-59,-58,-53,-47,-39,-49,69,140,111,95,128,73,136,134,-87,137,318,259,209,239,137,252,247,-68,179,337,199,110,167,40,231,244,-49,156,289,130,54,202,103,423,510,-45,158,223,-15,-102,125,76,536,703,-60,160,290,-31,-173,25,-38,537,741,-60,128,257,-17,-196,25,-132,496,686,-51,77,180,-21,-203,25,-142,494,633,3,118,126,-162,-386,-168,-323,321,419,74,168,34,-356,-633,-442,-589,47,120,128,182,-22,-490,-823,-660,-797,-172,-98,104,169,27,-448,-862,-726,-848,-246,-124,127,186,78,-449,-920,-789,-871,-285,-97,32,126,96,80,108,72,76,123,59,258,220,162,192,135,136,223,67,269,169,45,120,51,88,229,49,235,117,-24,144,111,238,481,51,204,12,-168,77,95,326,681,43,257,35,-233,-3,10,313,745,34,235,60,-228,20,-47,259,723,23,181,42,-225,48,-31,241,703,23,134,-109,-404,-129,-209,61,506,32,41,-301,-633,-390,-464,-205,220,17,-12,-430,-797,-595,-661,-414,7,9,45,-388,-799,-646,-704,-475,-14,-12,82,-412,-859,-725,-748,-528,-13,54,17,16,18,19,-6,57,55,106,75,42,2,36,-28,99,66,113,45,-45,-94,-13,-88,119,46,107,26,-77,-103,69,28,366,305,101,-36,-176,-185,74,85,565,526,134,-4,-217,-299,7,34,629,561,120,9,-187,-300,-17,-38,638,562,82,21,-168,-252,34,-67,659,538,69,-61,-295,-367,-75,-214,536,386,30,-164,-452,-545,-242,-405,335,194,20,-224,-554,-675,-376,-549,186,82,47,-189,-548,-722,-432,-624,152,106,83,-191,-574,-785,-474,-670,158,152,-14,-16,-14,-18,-24,-20,27,-13,-25,-73,-39,-58,-45,14,-24,-76,-160,-61,-78,-25,30,-28,-90,-181,11,36,181,276,-49,-143,-245,32,110,361,510,-54,-168,-376,-38,65,388,548,-39,-136,-358,-48,21,375,573,-6,-133,-302,29,16,378,580,-27,-216,-359,-10,-74,302,499,-51,-291,-439,-84,-174,189,400,-69,-349,-504,-166,-268,89,332,-58,-375,-546,-239,-367,36,329,-72,-422,-609,-295,-432,30,351,-9,8,-22,9,-16,47,-7,-5,-28,-64,8,-44,55,-90,-20,-70,-95,38,-21,100,-135,-25,-78,-80,150,127,317,16,-39,-101,-78,241,272,546,205,-30,-183,-157,239,286,609,189,-33,-163,-214,205,232,642,110,-49,-140,-166,186,175,641,66,-76,-158,-156,152,119,621,25,-92,-196,-177,110,51,577,-22,-106,-224,-209,54,-9,548,-24,-120,-239,-259,-39,-57,551,19,-130,-253,-284,-87,-41,593,91,16,-14,12,6,10,5,-2,-46,26,19,4,-49,-12,-72,79,78,45,-62,-12,-79,171,214,211,66,-16,-86,251,349,394,241,-54,-154,274,397,448,256,-31,-191,255,372,460,202,-29,-140,257,334,436,184,-37,-106,259,301,429,180,-56,-92,247,261,410,163,-68,-87,215,223,402,177,-77,-94,143,189,424,231,-90,-97,103,208,476,301,-15,-15,16,-9,2,-10,-19,-17,67,-13,-26,-59,-26,1,150,5,-36,-73,-29,27,275,104,54,33,-30,53,392,217,189,186,-45,71,487,262,233,229,-68,17,484,245,199,177,-33,7,449,178,190,159,-8,10,424,143,199,163,8,11,402,129,197,160,18,-3,370,129,218,192,35,-55,339,153,275,263,57,-88,351,203,341,341,0,26,20,-28,9,-6,78,43,-84,-25,-8,159,72,-123,-32,-9,259,154,-89,46,-10,347,239,-18,167,-10,438,289,-12,212,-24,470,321,-47,205,-45,442,259,-93,199,-53,418,212,-106,205,-52,391,191,-118,197,-55,357,187,-102,219,-87,324,202,-49,278,-121,321,232,4,331,0,31,-46,7,27,14,70,-122,-23,14,43,106,-201,-44,21,74,174,-237,-7,102,103,236,-241,69,210,136,280,-297,90,256,133,334,-361,103,271,130,312,-413,143,298,124,290,-437,179,327,107,284,-447,183,338,89,284,-425,210,368,84,310,-362,280,444,97,342,-302,338,504,26,-32,-38,31,56,-91,-106,23,81,-168,-165,28,120,-225,-188,77,151,-259,-178,151,176,-325,-210,184,228,-377,-235,207,227,-410,-218,260,223,-429,-187,308,229,-429,-176,331,234,-404,-147,358,243,-365,-96,407,248,-337,-63,430,-21,-56,29,55,-56,-136,33,90,-99,-208,51,130,-140,-271,89,200,-169,-308,146,277,-208,-369,188,336,-255,-440,214,372,-272,-453,289,434,-280,-447,353,467,-281,-450,372,481,-273,-436,383,499,-260,-412,406,522,-251,-393,413,531,-16,10,85,-35,20,169,-51,54,261,-65,102,369,-72,153,472,-85,200,576,-95,237,669,-93,285,753,-92,334,795,-96,349,810,-92,349,812,-88,357,812,-83,357,802,-3,88,50,-10,179,86,-7,266,107,-1,361,134,5,449,150,9,548,162,5,649,163,5,737,146,17,783,113,23,799,110,21,798,116,24,794,116,24,782,116,32,43,75,74,119,88,169,98,215,104,267,109,322,110,368,100,392,69,399,62,399,64,397,58,392,53,27,-65,39,-132,35,-194,24,-251,14,-313,5,-391,0,-486,-4,-587,-18,-652,-22,-667,-21,-661,-24,-654,-26,-640,-43,-79,-101,-119,-139,-168,-212,-260,-287,-293,-293,-291,-287,-6,-13,-27,-37,-49,-60,-62,-63,-60,-59,-54,-48,-40,-38,68,178,148,114,111,64,116,113,-19,110,197,88,15,39,-33,95,110,0,87,149,19,-41,74,30,287,376,4,89,83,-126,-197,-3,3,400,569,-11,91,150,-142,-268,-103,-111,401,607,-11,59,117,-128,-291,-103,-205,360,552,-2,8,40,-132,-298,-103,-215,358,499,52,49,-14,-273,-481,-296,-396,185,285,123,99,-106,-467,-728,-570,-662,-89,-14,177,113,-162,-601,-918,-788,-870,-308,-232,153,100,-113,-559,-957,-854,-921,-382,-258,176,117,-62,-560,-1015,-917,-944,-421,-231,27,132,124,82,84,63,60,100,35,143,73,-35,12,-21,12,106,17,109,21,-104,36,39,162,358,19,78,-84,-248,-31,23,250,558,11,131,-61,-313,-111,-62,237,622,2,109,-36,-308,-88,-119,183,600,-9,55,-54,-305,-60,-103,165,580,-9,8,-205,-484,-237,-281,-15,383,0,-85,-397,-713,-498,-536,-281,97,-15,-138,-526,-877,-703,-733,-490,-116,-23,-81,-484,-879,-754,-776,-551,-137,-44,-44,-508,-939,-833,-820,-604,-136,52,58,26,-16,17,-22,42,11,59,28,-61,-112,-32,-82,62,-9,53,9,-93,-121,50,34,309,250,47,-53,-192,-203,55,91,508,471,80,-21,-233,-317,-12,40,572,506,66,-8,-203,-318,-36,-32,581,507,28,4,-184,-270,15,-61,602,483,15,-78,-311,-385,-94,-208,479,331,-24,-181,-468,-563,-261,-399,278,139,-34,-241,-570,-693,-395,-543,129,27,-7,-206,-564,-740,-451,-618,95,51,29,-208,-590,-803,-493,-664,101,97,1,-9,-59,-21,-34,-25,-13,-10,-60,-146,-43,-54,-5,3,-14,-74,-167,29,60,201,249,-35,-127,-231,50,134,381,483,-40,-152,-362,-20,89,408,521,-25,-120,-344,-30,45,395,546,8,-117,-288,47,40,398,553,-13,-200,-345,8,-50,322,472,-37,-275,-425,-66,-150,209,373,-55,-333,-490,-148,-244,109,305,-44,-359,-532,-221,-343,56,302,-58,-406,-595,-277,-408,50,324,4,-36,-42,-1,-28,8,-83,-11,-78,-73,29,-5,53,-128,-16,-86,-58,141,143,270,23,-30,-109,-56,232,288,499,212,-21,-191,-135,230,302,562,196,-24,-171,-192,196,248,595,117,-40,-148,-144,177,191,594,73,-67,-166,-134,143,135,574,32,-83,-204,-155,101,67,530,-15,-97,-232,-187,45,7,501,-17,-111,-247,-237,-48,-41,504,26,-121,-261,-262,-96,-25,546,98,-18,-32,14,13,-6,-54,-28,-58,67,72,35,-67,-28,-65,159,208,201,61,-32,-72,239,343,384,236,-70,-140,262,391,438,251,-47,-177,243,366,450,197,-45,-126,245,328,426,179,-53,-92,247,295,419,175,-72,-78,235,255,400,158,-84,-73,203,217,392,172,-93,-80,131,183,414,226,-106,-83,91,202,466,296,-4,-2,51,-4,-28,-49,-11,16,134,14,-38,-63,-14,42,259,113,52,43,-15,68,376,226,187,196,-30,86,471,271,231,239,-53,32,468,254,197,187,-18,22,433,187,188,169,7,25,408,152,197,173,23,26,386,138,195,170,33,12,354,138,216,202,50,-40,323,162,273,273,72,-73,335,212,339,351,-6,52,23,-56,-34,-8,133,52,-95,-41,-9,233,134,-61,37,-10,321,219,10,158,-10,412,269,16,203,-24,444,301,-19,196,-45,416,239,-65,190,-53,392,192,-78,196,-52,365,171,-90,188,-55,331,167,-74,210,-87,298,182,-21,269,-121,295,212,32,322,14,39,-76,-30,-13,43,75,-155,-51,-6,74,143,-191,-14,75,103,205,-195,62,183,136,249,-251,83,229,133,303,-315,96,244,130,281,-367,136,271,124,259,-391,172,300,107,253,-401,176,311,89,253,-379,203,341,84,279,-316,273,417,97,311,-256,331,477,30,-59,-68,-8,55,-136,-127,-3,94,-193,-150,46,125,-227,-140,120,150,-293,-172,153,202,-345,-197,176,201,-378,-180,229,197,-397,-149,277,203,-397,-138,300,208,-372,-109,327,217,-333,-58,376,222,-305,-25,399,-35,-80,4,35,-78,-152,22,75,-119,-215,60,145,-148,-252,117,222,-187,-313,159,281,-234,-384,185,317,-251,-397,260,379,-259,-391,324,412,-260,-394,343,426,-252,-380,354,444,-239,-356,377,467,-230,-337,384,476,-19,10,84,-35,44,176,-49,92,284,-56,143,387,-69,190,491,-79,227,584,-77,275,668,-76,324,710,-80,339,725,-76,339,727,-72,347,727,-67,347,717,-7,91,36,-4,178,57,2,273,84,8,361,100,12,460,112,8,561,113,8,649,96,20,695,63,26,711,60,24,710,66,27,706,66,27,694,66,43,31,87,45,137,55,183,61,235,66,290,67,336,57,360,26,367,19,367,21,365,15,360,10,12,-67,8,-129,-3,-186,-13,-248,-22,-326,-27,-421,-31,-522,-45,-587,-49,-602,-48,-596,-51,-589,-53,-575,-36,-58,-76,-96,-125,-169,-217,-244,-250,-250,-248,-244,-7,-21,-31,-43,-54,-56,-57,-54,-53,-48,-42,-34,19,42,19,-60,-99,-72,-97,-21,-3,38,19,-29,-129,-155,-37,-34,171,263,42,21,-95,-274,-311,-114,-61,284,456,27,23,-28,-290,-382,-214,-175,285,494,27,-9,-61,-276,-405,-214,-269,244,439,36,-60,-138,-280,-412,-214,-279,242,386,90,-19,-192,-421,-595,-407,-460,69,172,161,31,-284,-615,-842,-681,-726,-205,-127,215,45,-340,-749,-1032,-899,-934,-424,-345,191,32,-291,-707,-1071,-965,-985,-498,-371,214,49,-240,-708,-1129,-1028,-1008,-537,-344,8,11,-51,-117,-72,-84,-48,6,-10,-23,-103,-186,-48,-24,102,258,-8,-54,-208,-330,-115,-40,190,458,-16,-1,-185,-395,-195,-125,177,522,-25,-23,-160,-390,-172,-182,123,500,-36,-77,-178,-387,-144,-166,105,480,-36,-124,-329,-566,-321,-344,-75,283,-27,-217,-521,-795,-582,-599,-341,-3,-42,-270,-650,-959,-787,-796,-550,-216,-50,-213,-608,-961,-838,-839,-611,-237,-71,-176,-632,-1021,-917,-883,-664,-236,7,-30,-87,-96,-49,-60,20,-20,1,-49,-119,-105,33,56,267,239,-5,-111,-218,-187,38,113,466,460,28,-79,-259,-301,-29,62,530,495,14,-66,-229,-302,-53,-10,539,496,-24,-54,-210,-254,-2,-39,560,472,-37,-136,-337,-369,-111,-186,437,320,-76,-239,-494,-547,-278,-377,236,128,-86,-299,-596,-677,-412,-521,87,16,-59,-264,-590,-724,-468,-596,53,40,-23,-266,-616,-787,-510,-642,59,86,-11,-51,-87,-22,-20,20,16,-15,-65,-108,50,94,226,262,-36,-118,-172,71,168,406,496,-41,-143,-303,1,123,433,534,-26,-111,-285,-9,79,420,559,7,-108,-229,68,74,423,566,-14,-191,-286,29,-16,347,485,-38,-266,-366,-45,-116,234,386,-56,-324,-431,-127,-210,134,318,-45,-350,-473,-200,-309,81,315,-59,-397,-536,-256,-374,75,337,-15,-42,-31,30,23,45,-45,-20,-50,-16,142,171,262,106,-34,-73,-14,233,316,491,295,-25,-155,-93,231,330,554,279,-28,-135,-150,197,276,587,200,-44,-112,-102,178,219,586,156,-71,-130,-92,144,163,566,115,-87,-168,-113,102,95,522,68,-101,-196,-145,46,35,493,66,-115,-211,-195,-47,-13,496,109,-125,-225,-220,-95,3,538,181,-10,-26,53,59,41,-13,-10,-33,145,195,207,115,-14,-40,225,330,390,290,-52,-108,248,378,444,305,-29,-145,229,353,456,251,-27,-94,231,315,432,233,-35,-60,233,282,425,229,-54,-46,221,242,406,212,-66,-41,189,204,398,226,-75,-48,117,170,420,280,-88,-51,77,189,472,350,-7,18,83,18,-10,-14,-10,44,208,117,80,92,-11,70,325,230,215,245,-26,88,420,275,259,288,-49,34,417,258,225,236,-14,24,382,191,216,218,11,27,357,156,225,222,27,28,335,142,223,219,37,14,303,142,244,251,54,-38,272,166,301,322,76,-71,284,216,367,400,-2,81,29,-39,-7,-3,181,111,-5,71,-4,269,196,66,192,-4,360,246,72,237,-18,392,278,37,230,-39,364,216,-9,224,-47,340,169,-22,230,-46,313,148,-34,222,-49,279,144,-18,244,-81,246,159,35,303,-115,243,189,88,356,29,36,-79,-21,7,60,104,-115,16,88,89,166,-119,92,196,122,210,-175,113,242,119,264,-239,126,257,116,242,-291,166,284,110,220,-315,202,313,93,214,-325,206,324,75,214,-303,233,354,70,240,-240,303,430,83,272,-180,361,490,25,-77,-59,5,64,-134,-82,54,95,-168,-72,128,120,-234,-104,161,172,-286,-129,184,171,-319,-112,237,167,-338,-81,285,173,-338,-70,308,178,-313,-41,335,187,-274,10,384,192,-246,43,407,-43,-72,18,40,-84,-135,56,110,-113,-172,113,187,-152,-233,155,246,-199,-304,181,282,-216,-317,256,344,-224,-311,320,377,-225,-314,339,391,-217,-300,350,409,-204,-276,373,432,-195,-257,380,441,-16,34,92,-30,82,200,-37,133,303,-50,180,407,-60,217,500,-58,265,584,-57,314,626,-61,329,641,-57,329,643,-53,337,643,-48,337,633,3,87,21,9,182,48,15,270,64,19,369,76,15,470,77,15,558,60,27,604,27,33,620,24,31,619,30,34,615,30,34,603,30,44,14,94,24,140,30,192,35,247,36,293,26,317,-5,324,-12,324,-10,322,-16,317,-21,-4,-62,-15,-119,-25,-181,-34,-259,-39,-354,-43,-455,-57,-520,-61,-535,-60,-529,-63,-522,-65,-508,-22,-40,-60,-89,-133,-181,-208,-214,-214,-212,-208,-14,-24,-36,-47,-49,-50,-47,-46,-41,-35,-27,19,-23,-48,-69,-56,35,63,192,266,23,-21,-114,-214,-212,-42,36,305,459,8,-19,-47,-230,-283,-142,-78,306,497,8,-51,-80,-216,-306,-142,-172,265,442,17,-102,-157,-220,-313,-142,-182,263,389,71,-61,-211,-361,-496,-335,-363,90,175,142,-11,-303,-555,-743,-609,-629,-184,-124,196,3,-359,-689,-933,-827,-837,-403,-342,172,-10,-310,-647,-972,-893,-888,-477,-368,195,7,-259,-648,-1030,-956,-911,-516,-341,-18,-34,-52,-69,24,60,150,252,-16,-65,-157,-213,-43,44,238,452,-24,-12,-134,-278,-123,-41,225,516,-33,-34,-109,-273,-100,-98,171,494,-44,-88,-127,-270,-72,-82,153,474,-44,-135,-278,-449,-249,-260,-27,277,-35,-228,-470,-678,-510,-515,-293,-9,-50,-281,-599,-842,-715,-712,-502,-222,-58,-224,-557,-844,-766,-755,-563,-243,-79,-187,-581,-904,-845,-799,-616,-242,-6,-19,-32,-9,82,116,247,259,-12,-81,-131,-91,87,173,446,480,21,-49,-172,-205,20,122,510,515,7,-36,-142,-206,-4,50,519,516,-31,-24,-123,-158,47,21,540,492,-44,-106,-250,-273,-62,-126,417,340,-83,-209,-407,-451,-229,-317,216,148,-93,-269,-509,-581,-363,-461,67,36,-66,-234,-503,-628,-419,-536,33,60,-30,-236,-529,-691,-461,-582,39,106,-4,-14,-21,72,114,206,246,-25,-67,-85,93,188,386,480,-30,-92,-216,23,143,413,518,-15,-60,-198,13,99,400,543,18,-57,-142,90,94,403,550,-3,-140,-199,51,4,327,469,-27,-215,-279,-23,-96,214,370,-45,-273,-344,-105,-190,114,302,-34,-299,-386,-178,-289,61,299,-48,-346,-449,-234,-354,55,321,-5,-8,15,112,148,217,151,-19,-31,17,203,293,446,340,-10,-113,-62,201,307,509,324,-13,-93,-119,167,253,542,245,-29,-70,-71,148,196,541,201,-56,-88,-61,114,140,521,160,-72,-126,-82,72,72,477,113,-86,-154,-114,16,12,448,111,-100,-169,-164,-77,-36,451,154,-110,-183,-189,-125,-20,493,226,0,-7,92,136,166,128,-4,-14,172,271,349,303,-42,-82,195,319,403,318,-19,-119,176,294,415,264,-17,-68,178,256,391,246,-25,-34,180,223,384,242,-44,-20,168,183,365,225,-56,-15,136,145,357,239,-65,-22,64,111,379,293,-78,-25,24,130,431,363,-3,26,125,99,90,106,-4,52,242,212,225,259,-19,70,337,257,269,302,-42,16,334,240,235,250,-7,6,299,173,226,232,18,9,274,138,235,236,34,10,252,124,233,233,44,-4,220,124,254,265,61,-56,189,148,311,336,83,-89,201,198,377,414,-1,100,82,34,78,-2,188,167,105,199,-2,279,217,111,244,-16,311,249,76,237,-37,283,187,30,231,-45,259,140,17,237,-44,232,119,5,229,-47,198,115,21,251,-79,165,130,74,310,-113,162,160,127,363,31,68,-36,37,81,60,130,-40,113,189,93,174,-96,134,235,90,228,-160,147,250,87,206,-212,187,277,81,184,-236,223,306,64,178,-246,227,317,46,178,-224,254,347,41,204,-161,324,423,54,236,-101,382,483,39,-57,-23,49,70,-91,-13,123,95,-157,-45,156,147,-209,-70,179,146,-242,-53,232,142,-261,-22,280,148,-261,-11,303,153,-236,18,330,162,-197,69,379,167,-169,102,402,-41,-63,38,70,-70,-100,95,147,-109,-161,137,206,-156,-232,163,242,-173,-245,238,304,-181,-239,302,337,-182,-242,321,351,-174,-228,332,369,-161,-204,355,392,-152,-185,362,401,-14,48,108,-21,99,211,-34,146,315,-44,183,408,-42,231,492,-41,280,534,-45,295,549,-41,295,551,-37,303,551,-32,303,541,6,95,27,12,183,43,16,282,55,12,383,56,12,471,39,24,517,6,30,533,3,28,532,9,31,528,9,31,516,9,50,10,96,16,148,21,203,22,249,12,273,-19,280,-26,280,-24,278,-30,273,-35,-11,-57,-21,-119,-30,-197,-35,-292,-39,-393,-53,-458,-57,-473,-56,-467,-59,-460,-61,-446,-18,-38,-67,-111,-159,-186,-192,-192,-190,-186,-10,-22,-33,-35,-36,-33,-32,-27,-21,-13,4,2,-66,-145,-156,-77,-27,113,193,-11,4,1,-161,-227,-177,-141,114,231,-11,-28,-32,-147,-250,-177,-235,73,176,-2,-79,-109,-151,-257,-177,-245,71,123,52,-38,-163,-292,-440,-370,-426,-102,-91,123,12,-255,-486,-687,-644,-692,-376,-390,177,26,-311,-620,-877,-862,-900,-595,-608,153,13,-262,-578,-916,-928,-951,-669,-634,176,30,-211,-579,-974,-991,-974,-708,-607,2,-31,-105,-144,-67,-16,88,200,-6,22,-82,-209,-147,-101,75,264,-15,0,-57,-204,-124,-158,21,242,-26,-54,-75,-201,-96,-142,3,222,-26,-101,-226,-380,-273,-320,-177,25,-17,-194,-418,-609,-534,-575,-443,-261,-32,-247,-547,-773,-739,-772,-652,-474,-40,-190,-505,-775,-790,-815,-713,-495,-61,-153,-529,-835,-869,-859,-766,-494,-6,-62,-99,-82,5,57,199,221,27,-30,-140,-196,-62,6,263,256,13,-17,-110,-197,-86,-66,272,257,-25,-5,-91,-149,-35,-95,293,233,-38,-87,-218,-264,-144,-242,170,81,-77,-190,-375,-442,-311,-433,-31,-111,-87,-250,-477,-572,-445,-577,-180,-223,-60,-215,-471,-619,-501,-652,-214,-199,-24,-217,-497,-682,-543,-698,-208,-153,-21,-53,-64,21,74,180,234,-26,-78,-195,-49,29,207,272,-11,-46,-177,-59,-15,194,297,22,-43,-121,18,-20,197,304,1,-126,-178,-21,-110,121,223,-23,-201,-258,-95,-210,8,124,-41,-259,-323,-177,-304,-92,56,-30,-285,-365,-250,-403,-145,53,-44,-332,-428,-306,-468,-151,75,-14,-23,2,91,145,229,189,-5,-105,-77,89,159,292,173,-8,-85,-134,55,105,325,94,-24,-62,-86,36,48,324,50,-51,-80,-76,2,-8,304,9,-67,-118,-97,-40,-76,260,-38,-81,-146,-129,-96,-136,231,-40,-95,-161,-179,-189,-184,234,3,-105,-175,-204,-237,-168,276,75,-4,-7,80,135,183,175,-42,-75,103,183,237,190,-19,-112,84,158,249,136,-17,-61,86,120,225,118,-25,-27,88,87,218,114,-44,-13,76,47,199,97,-56,-8,44,9,191,111,-65,-15,-28,-25,213,165,-78,-18,-68,-6,265,235,-1,26,117,113,135,153,-16,44,212,158,179,196,-39,-10,209,141,145,144,-4,-20,174,74,136,126,21,-17,149,39,145,130,37,-16,127,25,143,127,47,-30,95,25,164,159,64,-82,64,49,221,230,86,-115,76,99,287,308,-1,88,85,71,121,-1,179,135,77,166,-15,211,167,42,159,-36,183,105,-4,153,-44,159,58,-17,159,-43,132,37,-29,151,-46,98,33,-13,173,-78,65,48,40,232,-112,62,78,93,285,29,62,-4,76,108,62,106,-60,97,154,59,160,-124,110,169,56,138,-176,150,196,50,116,-200,186,225,33,110,-210,190,236,15,110,-188,217,266,10,136,-125,287,342,23,168,-65,345,402,31,-34,10,74,56,-100,-22,107,108,-152,-47,130,107,-185,-30,183,103,-204,1,231,109,-204,12,254,114,-179,41,281,123,-140,92,330,128,-112,125,353,-29,-37,57,77,-68,-98,99,136,-115,-169,125,172,-132,-182,200,234,-140,-176,264,267,-141,-179,283,281,-133,-165,294,299,-120,-141,317,322,-111,-122,324,331,-7,51,103,-20,98,207,-30,135,300,-28,183,384,-27,232,426,-31,247,441,-27,247,443,-23,255,443,-18,255,433,6,88,16,10,187,28,6,288,29,6,376,12,18,422,-21,24,438,-24,22,437,-18,25,433,-18,25,421,-18,46,6,98,11,153,12,199,2,223,-29,230,-36,230,-34,228,-40,223,-45,-10,-62,-19,-140,-24,-235,-28,-336,-42,-401,-46,-416,-45,-410,-48,-403,-50,-389,-20,-49,-93,-141,-168,-174,-174,-172,-168,-12,-23,-25,-26,-23,-22,-17,-11,-3,-15,2,67,-16,-71,-100,-114,1,38,-15,-30,34,-2,-94,-100,-208,-40,-17,-6,-81,-43,-6,-101,-100,-218,-42,-70,48,-40,-97,-147,-284,-293,-399,-215,-284,119,10,-189,-341,-531,-567,-665,-489,-583,173,24,-245,-475,-721,-785,-873,-708,-801,149,11,-196,-433,-760,-851,-924,-782,-827,172,28,-145,-434,-818,-914,-947,-821,-800,-8,53,23,-65,-80,-85,-13,64,-17,31,48,-60,-57,-142,-67,42,-28,-23,30,-57,-29,-126,-85,22,-28,-70,-121,-236,-206,-304,-265,-175,-19,-163,-313,-465,-467,-559,-531,-461,-34,-216,-442,-629,-672,-756,-740,-674,-42,-159,-400,-631,-723,-799,-801,-695,-63,-122,-424,-691,-802,-843,-854,-694,33,32,-41,-114,-67,-51,64,35,19,45,-11,-115,-91,-123,73,36,-19,57,8,-67,-40,-152,94,12,-32,-25,-119,-182,-149,-299,-29,-140,-71,-128,-276,-360,-316,-490,-230,-332,-81,-188,-378,-490,-450,-634,-379,-444,-54,-153,-372,-537,-506,-709,-413,-420,-18,-155,-398,-600,-548,-755,-407,-374,-5,-25,-131,-70,-45,27,38,10,7,-113,-80,-89,14,63,43,10,-57,-3,-94,17,70,22,-73,-114,-42,-184,-59,-11,-2,-148,-194,-116,-284,-172,-110,-20,-206,-259,-198,-378,-272,-178,-9,-232,-301,-271,-477,-325,-181,-23,-279,-364,-327,-542,-331,-159,9,-82,-79,-2,14,63,-16,6,-62,-136,-36,-40,96,-95,-10,-39,-88,-55,-97,95,-139,-37,-57,-78,-89,-153,75,-180,-53,-95,-99,-131,-221,31,-227,-67,-123,-131,-187,-281,2,-229,-81,-138,-181,-280,-329,5,-186,-91,-152,-206,-328,-313,47,-114,-38,-68,23,48,54,15,-15,-105,4,23,66,-39,-13,-54,6,-15,42,-57,-21,-20,8,-48,35,-61,-40,-6,-4,-88,16,-78,-52,-1,-36,-126,8,-64,-61,-8,-108,-160,30,-10,-74,-11,-148,-141,82,60,-15,18,95,45,44,43,-38,-36,92,28,10,-9,-3,-46,57,-39,1,-27,22,-43,32,-74,10,-23,38,-42,10,-88,8,-26,48,-56,-22,-88,29,6,65,-108,-53,-64,86,77,87,-141,-41,-14,152,155,0,91,50,6,45,-14,123,82,-29,38,-35,95,20,-75,32,-43,71,-27,-88,38,-42,44,-48,-100,30,-45,10,-52,-84,52,-77,-23,-37,-31,111,-111,-26,-7,22,164,33,44,-56,21,46,30,98,-120,34,61,27,76,-172,74,88,21,54,-196,110,117,4,48,-206,114,128,-14,48,-184,141,158,-19,74,-121,211,234,-6,106,-61,269,294,25,-66,-32,33,77,-118,-57,56,76,-151,-40,109,72,-170,-9,157,78,-170,2,180,83,-145,31,207,92,-106,82,256,97,-78,115,279,-39,-61,42,59,-86,-132,68,95,-103,-145,143,157,-111,-139,207,190,-112,-142,226,204,-104,-128,237,222,-91,-104,260,245,-82,-85,267,254,-13,47,104,-23,84,197,-21,132,281,-20,181,323,-24,196,338,-20,196,340,-16,204,340,-11,204,330,4,99,12,0,200,13,0,288,-4,12,334,-37,18,350,-40,16,349,-34,19,345,-34,19,333,-34,52,5,107,6,153,-4,177,-35,184,-42,184,-40,182,-46,177,-51,-9,-78,-14,-173,-18,-274,-32,-339,-36,-354,-35,-348,-38,-341,-40,-327,-29,-73,-121,-148,-154,-154,-152,-148,-11,-13,-14,-11,-10,-5,1,9,0,-32,-33,14,-23,0,-94,-41,-55,9,-83,-110,10,-30,0,-104,-43,-108,63,-42,-164,-131,-213,-193,-285,-216,-322,134,8,-256,-325,-460,-467,-551,-490,-621,188,22,-312,-459,-650,-685,-759,-709,-839,164,9,-263,-417,-689,-751,-810,-783,-865,187,26,-212,-418,-747,-814,-833,-822,-838,-9,-22,25,5,23,-57,-54,-22,-20,-76,7,8,51,-41,-72,-42,-20,-123,-144,-171,-126,-219,-252,-239,-11,-216,-336,-400,-387,-474,-518,-525,-26,-269,-465,-564,-592,-671,-727,-738,-34,-212,-423,-566,-643,-714,-788,-759,-55,-175,-447,-626,-722,-758,-841,-758,-14,13,30,-1,-24,-72,9,1,-52,25,49,47,27,-101,30,-23,-65,-57,-78,-68,-82,-248,-93,-175,-104,-160,-235,-246,-249,-439,-294,-367,-114,-220,-337,-376,-383,-583,-443,-479,-87,-185,-331,-423,-439,-658,-477,-455,-51,-187,-357,-486,-481,-704,-471,-409,15,32,18,-10,-44,-13,25,48,35,74,67,-49,-10,32,27,-48,17,28,-139,-86,-49,3,-123,-63,-46,-239,-199,-148,-15,-181,-128,-128,-333,-299,-216,-4,-207,-170,-201,-432,-352,-219,-18,-254,-233,-257,-497,-358,-197,-3,20,-57,-34,-54,33,-79,-19,43,-9,-53,-111,32,-123,-46,25,1,-87,-167,12,-164,-62,-13,-20,-129,-235,-32,-211,-76,-41,-52,-185,-295,-61,-213,-90,-56,-102,-278,-343,-58,-170,-100,-70,-127,-326,-327,-16,-98,23,-37,-19,-25,12,-54,25,14,-17,-63,-12,-72,17,48,-15,-96,-19,-76,-2,62,-27,-136,-38,-93,-14,67,-59,-174,-46,-79,-23,60,-131,-208,-24,-25,-36,57,-171,-189,28,45,-23,-54,-3,-17,-34,-52,12,-64,-38,-84,-43,-70,37,-61,-63,-119,-34,-66,53,-60,-85,-133,-36,-69,63,-74,-117,-133,-15,-37,80,-126,-148,-109,42,34,102,-159,-136,-59,108,112,-14,32,32,-35,-7,-35,4,-30,-81,-13,-43,-20,-77,-94,-7,-42,-47,-98,-106,-15,-45,-81,-102,-90,7,-77,-114,-87,-37,66,-111,-117,-57,16,119,-3,54,-64,13,15,-6,32,-116,53,42,-12,10,-140,89,71,-29,4,-150,93,82,-47,4,-128,120,112,-52,30,-65,190,188,-39,62,-5,248,248,52,-52,-25,23,51,-85,-8,76,47,-104,23,124,53,-104,34,147,58,-79,63,174,67,-40,114,223,72,-12,147,246,-47,-71,26,36,-64,-84,101,98,-72,-78,165,131,-73,-81,184,145,-65,-67,195,163,-52,-43,218,186,-43,-24,225,195,-10,37,93,-8,85,177,-7,134,219,-11,149,234,-7,149,236,-3,157,236,2,157,226,-4,101,1,-4,189,-16,8,235,-49,14,251,-52,12,250,-46,15,246,-46,15,234,-46,55,1,101,-9,125,-40,132,-47,132,-45,130,-51,125,-56,-5,-95,-9,-196,-23,-261,-27,-276,-26,-270,-29,-263,-31,-249,-44,-92,-119,-125,-125,-123,-119,-2,-3,0,1,6,12,20,9,-51,-77,-4,-7,0,-10,-2,-53,63,-10,-131,-145,-190,-193,-191,-175,-267,134,40,-223,-339,-437,-467,-457,-449,-566,188,54,-279,-473,-627,-685,-665,-668,-784,164,41,-230,-431,-666,-751,-716,-742,-810,187,58,-179,-432,-724,-814,-739,-781,-783,-11,-54,-18,3,28,16,-18,-20,-11,-101,-169,-176,-149,-162,-198,-217,-2,-194,-361,-405,-410,-417,-464,-503,-17,-247,-490,-569,-615,-614,-673,-716,-25,-190,-448,-571,-666,-657,-734,-737,-46,-153,-472,-631,-745,-701,-787,-736,-38,12,19,48,51,-29,21,-24,-51,-70,-108,-67,-58,-176,-102,-176,-90,-173,-265,-245,-225,-367,-303,-368,-100,-233,-367,-375,-359,-511,-452,-480,-73,-198,-361,-422,-415,-586,-486,-456,-37,-200,-387,-485,-457,-632,-480,-410,33,3,56,77,-5,3,7,12,-80,-1,38,-95,-73,-74,-12,-155,-81,-36,-195,-186,-173,-30,-213,-146,-118,-289,-286,-241,-19,-239,-188,-191,-388,-339,-244,-33,-286,-251,-247,-453,-345,-222,-16,23,48,-19,-57,-1,-44,-43,5,58,-53,-113,-21,-85,-59,-33,37,-95,-181,-65,-132,-73,-61,5,-151,-241,-94,-134,-87,-76,-45,-244,-289,-91,-91,-97,-90,-70,-292,-273,-49,-19,2,51,2,-38,-24,-18,-6,85,4,-71,-31,-22,-25,99,-8,-111,-50,-39,-37,104,-40,-149,-58,-25,-46,97,-112,-183,-36,29,-59,94,-152,-164,16,99,35,-10,-35,-67,-9,-18,60,-7,-60,-102,0,-14,76,-6,-82,-116,-2,-17,86,-20,-114,-116,19,15,103,-72,-145,-92,76,86,125,-105,-133,-42,142,164,-21,-28,-62,-46,-6,-29,-52,-109,-59,0,-28,-79,-130,-71,-8,-31,-113,-134,-55,14,-63,-146,-119,-2,73,-97,-149,-89,51,126,-3,-22,-52,40,27,-9,-44,-76,76,56,-26,-50,-86,80,67,-44,-50,-64,107,97,-49,-24,-1,177,173,-36,8,59,235,233,-1,-33,17,53,-5,-52,48,101,1,-52,59,124,6,-27,88,151,15,12,139,200,20,40,172,223,-17,-13,75,62,-25,-7,139,95,-26,-10,158,109,-18,4,169,127,-5,28,192,150,4,47,199,159,2,48,84,3,97,126,-1,112,141,3,112,143,7,120,143,12,120,133,0,88,-17,12,134,-50,18,150,-53,16,149,-47,19,145,-47,19,133,-47,46,-10,70,-41,77,-48,77,-46,75,-52,70,-57,-4,-101,-18,-166,-22,-181,-21,-175,-24,-168,-26,-154,-48,-75,-81,-81,-79,-75,-1,2,3,8,14,22,54,41,-54,-141,-183,-193,-181,-173,-214,125,91,-146,-335,-430,-467,-447,-447,-513,179,105,-202,-469,-620,-685,-655,-666,-731,155,92,-153,-427,-659,-751,-706,-740,-757,178,109,-102,-428,-717,-814,-729,-779,-730,0,-47,-151,-179,-177,-178,-180,-197,9,-140,-343,-408,-438,-433,-446,-483,-6,-193,-472,-572,-643,-630,-655,-696,-14,-136,-430,-574,-694,-673,-716,-717,-35,-99,-454,-634,-773,-717,-769,-716,-13,-82,-127,-115,-109,-147,-123,-152,-52,-185,-284,-293,-276,-338,-324,-344,-62,-245,-386,-423,-410,-482,-473,-456,-35,-210,-380,-470,-466,-557,-507,-432,1,-212,-406,-533,-508,-603,-501,-386,-21,-83,-57,-39,-90,-76,-81,-45,-158,-137,-113,-190,-189,-180,-63,-216,-202,-195,-284,-289,-248,-52,-242,-244,-268,-383,-342,-251,-66,-289,-307,-324,-448,-348,-229,-27,-18,10,-34,-56,-20,-41,-43,-56,-11,-76,-124,-64,-88,-57,-84,-43,-132,-184,-93,-90,-71,-99,-93,-225,-232,-90,-47,-81,-113,-118,-273,-216,-48,25,-8,34,2,-33,-7,-4,-27,48,-10,-73,-26,-21,-39,53,-42,-111,-34,-7,-48,46,-114,-145,-12,47,-61,43,-154,-126,40,117,25,3,-25,-35,9,4,41,4,-47,-49,7,1,51,-10,-79,-49,28,33,68,-62,-110,-25,85,104,90,-95,-98,25,151,182,-8,-24,-47,-13,6,-7,-51,-68,-25,-2,-10,-85,-72,-9,20,-42,-118,-57,44,79,-76,-121,-27,97,132,-6,-22,-24,36,29,-23,-28,-34,40,40,-41,-28,-12,67,70,-46,-2,51,137,146,-33,30,111,195,206,-4,-19,31,48,2,-19,42,71,7,6,71,98,16,45,122,147,21,73,155,170,-8,6,64,33,-9,3,83,47,-1,17,94,65,12,41,117,88,21,60,124,97,1,49,42,-3,64,57,1,64,59,5,72,59,10,72,49,12,46,-33,18,62,-36,16,61,-30,19,57,-30,19,45,-30,24,-31,31,-38,31,-36,29,-42,24,-47,-14,-65,-18,-80,-17,-74,-20,-67,-22,-53,-27,-33,-33,-31,-27,3,4,9,15,23,71,50,-92,-194,-247,-274,-266,-274,-299,125,64,-148,-328,-437,-492,-474,-493,-517,101,51,-99,-286,-476,-558,-525,-567,-543,124,68,-48,-287,-534,-621,-548,-606,-516,9,-93,-192,-229,-261,-255,-266,-286,-6,-146,-321,-393,-466,-452,-475,-499,-14,-89,-279,-395,-517,-495,-536,-520,-35,-52,-303,-455,-596,-539,-589,-519,-39,-103,-157,-178,-167,-191,-201,-192,-49,-163,-259,-308,-301,-335,-350,-304,-22,-128,-253,-355,-357,-410,-384,-280,14,-130,-279,-418,-399,-456,-378,-234,-24,-75,-80,-74,-100,-113,-99,-42,-133,-145,-156,-194,-213,-167,-31,-159,-187,-229,-293,-266,-170,-45,-206,-250,-285,-358,-272,-148,-16,-38,-21,-42,-68,-44,-47,-30,-66,-53,-98,-128,-73,-49,-44,-81,-103,-191,-176,-70,-6,-54,-95,-128,-239,-160,-28,66,-19,14,-12,-40,-19,-17,-31,19,-44,-78,-27,-3,-40,12,-116,-112,-5,51,-53,9,-156,-93,47,121,16,1,-22,-14,-2,-3,26,-13,-54,-14,19,29,43,-65,-85,10,76,100,65,-98,-73,60,142,178,1,-27,-21,-12,-8,-2,-61,-25,4,14,-34,-94,-10,57,73,-68,-97,20,110,126,-17,-6,-10,4,11,-35,-6,12,31,41,-40,20,75,101,117,-27,52,135,159,177,6,0,11,23,11,25,40,50,20,64,91,99,25,92,124,122,-1,-3,19,14,7,11,30,32,20,35,53,55,29,54,60,64,-4,15,15,0,15,17,4,23,17,9,23,7,6,16,-3,4,15,3,7,11,3,7,-1,3,7,-7,7,-5,5,-11,0,-16,-4,-15,-3,-9,-6,-2,-8,12,-6,-6,-4,0,1,6,12,20,54,14,-56,-134,-190,-218,-208,-219,-218,30,1,-7,-92,-229,-284,-259,-293,-244,53,18,44,-93,-287,-347,-282,-332,-217,-15,-53,-129,-164,-205,-197,-209,-213,-23,4,-87,-166,-256,-240,-270,-234,-44,41,-111,-226,-335,-284,-323,-233,-10,-60,-102,-130,-134,-144,-149,-112,17,-25,-96,-177,-190,-219,-183,-88,53,-27,-122,-240,-232,-265,-177,-42,-18,-58,-65,-82,-94,-100,-68,-7,-84,-107,-155,-193,-153,-71,-21,-131,-170,-211,-258,-159,-49,-14,-28,-32,-56,-60,-29,-2,-28,-43,-82,-149,-108,-26,41,-38,-57,-107,-197,-92,16,113,-12,5,-32,-38,-8,14,-21,-2,-104,-72,14,68,-34,-5,-144,-53,66,138,10,-14,-32,0,21,32,27,-66,-63,24,78,103,49,-99,-51,74,144,181,-3,-34,-4,16,22,-35,-67,11,69,81,-69,-70,41,122,134,-18,0,22,27,30,-23,26,85,97,106,-10,58,145,155,166,5,25,29,27,14,64,80,76,19,92,113,99,8,14,11,18,21,38,34,41,30,57,41,50,4,0,2,8,8,2,13,8,-8,-2,-1,6,1,-5,6,1,-17,6,0,2,-2,-4,-7,-9,1,6,-2,13,-4,27,0,2,6,5,11,19,-24,-13,49,42,-39,-66,-51,-74,-26,-1,4,100,41,-97,-129,-74,-113,1,-8,57,42,-2,-51,-43,-61,-21,-29,94,18,-62,-130,-87,-114,-20,27,35,6,-47,-56,-75,-34,24,63,33,-20,-110,-98,-121,-28,70,11,-26,-42,-73,-99,-53,-3,-3,-73,-105,-129,-164,-59,19,-14,-15,-50,-93,-48,3,43,-24,-29,-75,-141,-32,45,115,-9,-7,-72,-34,22,54,-22,-10,-112,-15,74,124,17,-52,-31,24,57,71,39,-85,-19,74,123,149,-32,-33,15,53,59,-66,-36,45,106,112,-5,26,63,70,76,8,58,123,128,136,9,39,51,49,14,67,84,72,13,24,23,23,22,43,30,32,4,8,0,9,8,-10,3,-4,0,3,-16,0,-2,-6,-7,-11,-3,7,-5,21,2,6,6,14,23,17,51,-1,-58,-63,-23,-39,27,-21,37,-24,-60,-79,-44,-53,1,36,-2,-26,-63,-42,-46,6,46,-14,-47,-63,-56,-65,-6,22,-10,-14,-25,-48,16,42,72,-13,-3,-40,19,52,70,22,-33,12,50,66,78,-34,-3,30,53,53,13,32,60,58,60,5,28,33,23,9,19,7,9,5,0,-10,0,-12,0,-5,-5,-2,14,4,8,-75,-149,-158,-172,-243,-331,-435,-530,-642,-749,-848,-948,-1054,-1159,-1260,-1353,-1435,-1521,-138,-360,-606,-774,-915,-1084,-1233,-1395,-1563,-1731,-1873,-2024,-2192,-2369,-2514,-2611,-2797,-3020,-239,-460,-796,-1109,-1365,-1645,-1989,-2328,-2702,-3034,-3292,-3602,-3928,-4249,-4473,-4742,-5028,-5370,-376,-657,-1014,-1501,-1982,-2495,-3063,-3619,-4241,-4834,-5331,-5867,-6381,-6866,-7269,-7771,-8269,-8778,-455,-717,-943,-1383,-1811,-2318,-2905,-3370,-3947,-4613,-5318,-5978,-6583,-7153,-7738,-8362,-9051,-9702,-636,-1094,-1462,-1921,-2437,-3100,-3815,-4313,-4964,-5774,-6706,-7433,-8078,-8693,-9480,-10228,-10975,-11651,-74,-83,-97,-168,-256,-360,-455,-567,-674,-773,-873,-979,-1084,-1185,-1278,-1360,-1446,-222,-468,-636,-777,-946,-1095,-1257,-1425,-1593,-1735,-1886,-2054,-2231,-2376,-2473,-2659,-2882,-221,-557,-870,-1126,-1406,-1750,-2089,-2463,-2795,-3053,-3363,-3689,-4010,-4234,-4503,-4789,-5131,-281,-638,-1125,-1606,-2119,-2687,-3243,-3865,-4458,-4955,-5491,-6005,-6490,-6893,-7395,-7893,-8402,-262,-488,-928,-1356,-1863,-2450,-2915,-3492,-4158,-4863,-5523,-6128,-6698,-7283,-7907,-8596,-9247,-458,-826,-1285,-1801,-2464,-3179,-3677,-4328,-5138,-6070,-6797,-7442,-8057,-8844,-9592,-10339,-11015,-9,-23,-94,-182,-286,-381,-493,-600,-699,-799,-905,-1010,-1111,-1204,-1286,-1372,-246,-414,-555,-724,-873,-1035,-1203,-1371,-1513,-1664,-1832,-2009,-2154,-2251,-2437,-2660,-336,-649,-905,-1185,-1529,-1868,-2242,-2574,-2832,-3142,-3468,-3789,-4013,-4282,-4568,-4910,-357,-844,-1325,-1838,-2406,-2962,-3584,-4177,-4674,-5210,-5724,-6209,-6612,-7114,-7612,-8121,-226,-666,-1094,-1601,-2188,-2653,-3230,-3896,-4601,-5261,-5866,-6436,-7021,-7645,-8334,-8985,-368,-827,-1343,-2006,-2721,-3219,-3870,-4680,-5612,-6339,-6984,-7599,-8386,-9134,-9881,-10557,-14,-85,-173,-277,-372,-484,-591,-690,-790,-896,-1001,-1102,-1195,-1277,-1363,-168,-309,-478,-627,-789,-957,-1125,-1267,-1418,-1586,-1763,-1908,-2005,-2191,-2414,-313,-569,-849,-1193,-1532,-1906,-2238,-2496,-2806,-3132,-3453,-3677,-3946,-4232,-4574,-487,-968,-1481,-2049,-2605,-3227,-3820,-4317,-4853,-5367,-5852,-6255,-6757,-7255,-7764,-440,-868,-1375,-1962,-2427,-3004,-3670,-4375,-5035,-5640,-6210,-6795,-7419,-8108,-8759,-459,-975,-1638,-2353,-2851,-3502,-4312,-5244,-5971,-6616,-7231,-8018,-8766,-9513,-10189,-71,-159,-263,-358,-470,-577,-676,-776,-882,-987,-1088,-1181,-1263,-1349,-141,-310,-459,-621,-789,-957,-1099,-1250,-1418,-1595,-1740,-1837,-2023,-2246,-256,-536,-880,-1219,-1593,-1925,-2183,-2493,-2819,-3140,-3364,-3633,-3919,-4261,-481,-994,-1562,-2118,-2740,-3333,-3830,-4366,-4880,-5365,-5768,-6270,-6768,-7277,-428,-935,-1522,-1987,-2564,-3230,-3935,-4595,-5200,-5770,-6355,-6979,-7668,-8319,-516,-1179,-1894,-2392,-3043,-3853,-4785,-5512,-6157,-6772,-7559,-8307,-9054,-9730,-88,-192,-287,-399,-506,-605,-705,-811,-916,-1017,-1110,-1192,-1278,-169,-318,-480,-648,-816,-958,-1109,-1277,-1454,-1599,-1696,-1882,-2105,-280,-624,-963,-1337,-1669,-1927,-2237,-2563,-2884,-3108,-3377,-3663,-4005,-513,-1081,-1637,-2259,-2852,-3349,-3885,-4399,-4884,-5287,-5789,-6287,-6796,-507,-1094,-1559,-2136,-2802,-3507,-4167,-4772,-5342,-5927,-6551,-7240,-7891,-663,-1378,-1876,-2527,-3337,-4269,-4996,-5641,-6256,-7043,-7791,-8538,-9214,-104,-199,-311,-418,-517,-617,-723,-828,-929,-1022,-1104,-1190,-149,-311,-479,-647,-789,-940,-1108,-1285,-1430,-1527,-1713,-1936,-344,-683,-1057,-1389,-1647,-1957,-2283,-2604,-2828,-3097,-3383,-3725,-568,-1124,-1746,-2339,-2836,-3372,-3886,-4371,-4774,-5276,-5774,-6283,-587,-1052,-1629,-2295,-3000,-3660,-4265,-4835,-5420,-6044,-6733,-7384,-715,-1213,-1864,-2674,-3606,-4333,-4978,-5593,-6380,-7128,-7875,-8551,-95,-207,-314,-413,-513,-619,-724,-825,-918,-1000,-1086,-162,-330,-498,-640,-791,-959,-1136,-1281,-1378,-1564,-1787,-339,-713,-1045,-1303,-1613,-1939,-2260,-2484,-2753,-3039,-3381,-556,-1178,-1771,-2268,-2804,-3318,-3803,-4206,-4708,-5206,-5715,-465,-1042,-1708,-2413,-3073,-3678,-4248,-4833,-5457,-6146,-6797,-498,-1149,-1959,-2891,-3618,-4263,-4878,-5665,-6413,-7160,-7836,-112,-219,-318,-418,-524,-629,-730,-823,-905,-991,-168,-336,-478,-629,-797,-974,-1119,-1216,-1402,-1625,-374,-706,-964,-1274,-1600,-1921,-2145,-2414,-2700,-3042,-622,-1215,-1712,-2248,-2762,-3247,-3650,-4152,-4650,-5159,-577,-1243,-1948,-2608,-3213,-3783,-4368,-4992,-5681,-6332,-651,-1461,-2393,-3120,-3765,-4380,-5167,-5915,-6662,-7338,-107,-206,-306,-412,-517,-618,-711,-793,-879,-168,-310,-461,-629,-806,-951,-1048,-1234,-1457,-332,-590,-900,-1226,-1547,-1771,-2040,-2326,-2668,-593,-1090,-1626,-2140,-2625,-3028,-3530,-4028,-4537,-666,-1371,-2031,-2636,-3206,-3791,-4415,-5104,-5755,-810,-1742,-2469,-3114,-3729,-4516,-5264,-6011,-6687,-99,-199,-305,-410,-511,-604,-686,-772,-142,-293,-461,-638,-783,-880,-1066,-1289,-258,-568,-894,-1215,-1439,-1708,-1994,-2336,-497,-1033,-1547,-2032,-2435,-2937,-3435,-3944,-705,-1365,-1970,-2540,-3125,-3749,-4438,-5089,-932,-1659,-2304,-2919,-3706,-4454,-5201,-5877,-100,-206,-311,-412,-505,-587,-673,-151,-319,-496,-641,-738,-924,-1147,-310,-636,-957,-1181,-1450,-1736,-2078,-536,-1050,-1535,-1938,-2440,-2938,-3447,-660,-1265,-1835,-2420,-3044,-3733,-4384,-727,-1372,-1987,-2774,-3522,-4269,-4945,-106,-211,-312,-405,-487,-573,-168,-345,-490,-587,-773,-996,-326,-647,-871,-1140,-1426,-1768,-514,-999,-1402,-1904,-2402,-2911,-605,-1175,-1760,-2384,-3073,-3724,-645,-1260,-2047,-2795,-3542,-4218,-105,-206,-299,-381,-467,-177,-322,-419,-605,-828,-321,-545,-814,-1100,-1442,-485,-888,-1390,-1888,-2397,-570,-1155,-1779,-2468,-3119,-615,-1402,-2150,-2897,-3573,-101,-194,-276,-362,-145,-242,-428,-651,-224,-493,-779,-1121,-403,-905,-1403,-1912,-585,-1209,-1898,-2549,-787,-1535,-2282,-2958,-93,-175,-261,-97,-283,-506,-269,-555,-897,-502,-1000,-1509,-624,-1313,-1964,-748,-1495,-2171,-82,-168,-186,-409,-286,-628,-498,-1007,-689,-1340,-747,-1423,-86,-223,-342,-509,-651,-676,-105,-193,-269,-362,-443,-535,-636,-729,-835,-940,-1032,-1131,-1227,-1322,-1419,-1530,-1655,-1773,-156,-423,-746,-941,-1077,-1218,-1370,-1542,-1732,-1939,-2093,-2263,-2449,-2642,-2767,-2869,-3032,-3228,-304,-453,-660,-1004,-1359,-1765,-2220,-2644,-3110,-3518,-3866,-4259,-4637,-4977,-5253,-5623,-5958,-6308,-374,-665,-940,-1391,-1812,-2280,-2798,-3242,-3779,-4323,-4855,-5397,-5893,-6357,-6774,-7233,-7762,-8270,-509,-832,-1069,-1490,-1920,-2462,-2977,-3365,-3854,-4515,-5217,-5836,-6400,-6942,-7538,-8101,-8755,-9345,-88,-164,-257,-338,-430,-531,-624,-730,-835,-927,-1026,-1122,-1217,-1314,-1425,-1550,-1668,-267,-590,-785,-921,-1062,-1214,-1386,-1576,-1783,-1937,-2107,-2293,-2486,-2611,-2713,-2876,-3072,-149,-356,-700,-1055,-1461,-1916,-2340,-2806,-3214,-3562,-3955,-4333,-4673,-4949,-5319,-5654,-6004,-291,-566,-1017,-1438,-1906,-2424,-2868,-3405,-3949,-4481,-5023,-5519,-5983,-6400,-6859,-7388,-7896,-323,-560,-981,-1411,-1953,-2468,-2856,-3345,-4006,-4708,-5327,-5891,-6433,-7029,-7592,-8246,-8836,-76,-169,-250,-342,-443,-536,-642,-747,-839,-938,-1034,-1129,-1226,-1337,-1462,-1580,-323,-518,-654,-795,-947,-1119,-1309,-1516,-1670,-1840,-2026,-2219,-2344,-2446,-2609,-2805,-207,-551,-906,-1312,-1767,-2191,-2657,-3065,-3413,-3806,-4184,-4524,-4800,-5170,-5505,-5855,-275,-726,-1147,-1615,-2133,-2577,-3114,-3658,-4190,-4732,-5228,-5692,-6109,-6568,-7097,-7605,-237,-658,-1088,-1630,-2145,-2533,-3022,-3683,-4385,-5004,-5568,-6110,-6706,-7269,-7923,-8513,-93,-174,-266,-367,-460,-566,-671,-763,-862,-958,-1053,-1150,-1261,-1386,-1504,-195,-331,-472,-624,-796,-986,-1193,-1347,-1517,-1703,-1896,-2021,-2123,-2286,-2482,-344,-699,-1105,-1560,-1984,-2450,-2858,-3206,-3599,-3977,-4317,-4593,-4963,-5298,-5648,-451,-872,-1340,-1858,-2302,-2839,-3383,-3915,-4457,-4953,-5417,-5834,-6293,-6822,-7330,-421,-851,-1393,-1908,-2296,-2785,-3446,-4148,-4767,-5331,-5873,-6469,-7032,-7686,-8276,-81,-173,-274,-367,-473,-578,-670,-769,-865,-960,-1057,-1168,-1293,-1411,-136,-277,-429,-601,-791,-998,-1152,-1322,-1508,-1701,-1826,-1928,-2091,-2287,-355,-761,-1216,-1640,-2106,-2514,-2862,-3255,-3633,-3973,-4249,-4619,-4954,-5304,-421,-889,-1407,-1851,-2388,-2932,-3464,-4006,-4502,-4966,-5383,-5842,-6371,-6879,-430,-972,-1487,-1875,-2364,-3025,-3727,-4346,-4910,-5452,-6048,-6611,-7265,-7855,-92,-193,-286,-392,-497,-589,-688,-784,-879,-976,-1087,-1212,-1330,-141,-293,-465,-655,-862,-1016,-1186,-1372,-1565,-1690,-1792,-1955,-2151,-406,-861,-1285,-1751,-2159,-2507,-2900,-3278,-3618,-3894,-4264,-4599,-4949,-468,-986,-1430,-1967,-2511,-3043,-3585,-4081,-4545,-4962,-5421,-5950,-6458,-542,-1057,-1445,-1934,-2595,-3297,-3916,-4480,-5022,-5618,-6181,-6835,-7425,-101,-194,-300,-405,-497,-596,-692,-787,-884,-995,-1120,-1238,-152,-324,-514,-721,-875,-1045,-1231,-1424,-1549,-1651,-1814,-2010,-455,-879,-1345,-1753,-2101,-2494,-2872,-3212,-3488,-3858,-4193,-4543,-518,-962,-1499,-2043,-2575,-3117,-3613,-4077,-4494,-4953,-5482,-5990,-515,-903,-1392,-2053,-2755,-3374,-3938,-4480,-5076,-5639,-6293,-6883,-93,-199,-304,-396,-495,-591,-686,-783,-894,-1019,-1137,-172,-362,-569,-723,-893,-1079,-1272,-1397,-1499,-1662,-1858,-424,-890,-1298,-1646,-2039,-2417,-2757,-3033,-3403,-3738,-4088,-444,-981,-1525,-2057,-2599,-3095,-3559,-3976,-4435,-4964,-5472,-388,-877,-1538,-2240,-2859,-3423,-3965,-4561,-5124,-5778,-6368,-106,-211,-303,-402,-498,-593,-690,-801,-926,-1044,-190,-397,-551,-721,-907,-1100,-1225,-1327,-1490,-1686,-466,-874,-1222,-1615,-1993,-2333,-2609,-2979,-3314,-3664,-537,-1081,-1613,-2155,-2651,-3115,-3532,-3991,-4520,-5028,-489,-1150,-1852,-2471,-3035,-3577,-4173,-4736,-5390,-5980,-105,-197,-296,-392,-487,-584,-695,-820,-938,-207,-361,-531,-717,-910,-1035,-1137,-1300,-1496,-408,-756,-1149,-1527,-1867,-2143,-2513,-2848,-3198,-544,-1076,-1618,-2114,-2578,-2995,-3454,-3983,-4491,-661,-1363,-1982,-2546,-3088,-3684,-4247,-4901,-5491,-92,-191,-287,-382,-479,-590,-715,-833,-154,-324,-510,-703,-828,-930,-1093,-1289,-348,-741,-1119,-1459,-1735,-2105,-2440,-2790,-532,-1074,-1570,-2034,-2451,-2910,-3439,-3947,-702,-1321,-1885,-2427,-3023,-3586,-4240,-4830,-99,-195,-290,-387,-498,-623,-741,-170,-356,-549,-674,-776,-939,-1135,-393,-771,-1111,-1387,-1757,-2092,-2442,-542,-1038,-1502,-1919,-2378,-2907,-3415,-619,-1183,-1725,-2321,-2884,-3538,-4128,-96,-191,-288,-399,-524,-642,-186,-379,-504,-606,-769,-965,-378,-718,-994,-1364,-1699,-2049,-496,-960,-1377,-1836,-2365,-2873,-564,-1106,-1702,-2265,-2919,-3509,-95,-192,-303,-428,-546,-193,-318,-420,-583,-779,-340,-616,-986,-1321,-1671,-464,-881,-1340,-1869,-2377,-542,-1138,-1701,-2355,-2945,-97,-208,-333,-451,-125,-227,-390,-586,-276,-646,-981,-1331,-417,-876,-1405,-1913,-596,-1159,-1813,-2403,-111,-236,-354,-102,-265,-461,-370,-705,-1055,-459,-988,-1496,-563,-1217,-1807,-125,-243,-163,-359,-335,-685,-529,-1037,-654,-1244,-118,-196,-350,-508,-590,-74,-161,-250,-333,-410,-501,-598,-680,-778,-871,-969,-1066,-1161,-1246,-1320,-1365,-1442,-1531,-207,-357,-464,-590,-734,-890,-1116,-1325,-1568,-1777,-1942,-2161,-2391,-2614,-2783,-2996,-3194,-3393,-336,-559,-751,-1077,-1463,-1875,-2351,-2781,-3253,-3656,-4026,-4433,-4823,-5170,-5471,-5822,-6173,-6514,-395,-758,-1014,-1337,-1671,-2057,-2450,-2782,-3195,-3671,-4155,-4650,-5125,-5579,-5990,-6378,-6895,-7370,-561,-1035,-1328,-1644,-2020,-2496,-3025,-3382,-3838,-4429,-5102,-5664,-6194,-6710,-7306,-7833,-8419,-8939,-87,-176,-259,-336,-427,-524,-606,-704,-797,-895,-992,-1087,-1172,-1246,-1291,-1368,-1457,-150,-257,-383,-527,-683,-909,-1118,-1361,-1570,-1735,-1954,-2184,-2407,-2576,-2789,-2987,-3186,-223,-415,-741,-1127,-1539,-2015,-2445,-2917,-3320,-3690,-4097,-4487,-4834,-5135,-5486,-5837,-6178,-363,-619,-942,-1276,-1662,-2055,-2387,-2800,-3276,-3760,-4255,-4730,-5184,-5595,-5983,-6500,-6975,-474,-767,-1083,-1459,-1935,-2464,-2821,-3277,-3868,-4541,-5103,-5633,-6149,-6745,-7272,-7858,-8378,-89,-172,-249,-340,-437,-519,-617,-710,-808,-905,-1000,-1085,-1159,-1204,-1281,-1370,-107,-233,-377,-533,-759,-968,-1211,-1420,-1585,-1804,-2034,-2257,-2426,-2639,-2837,-3036,-192,-518,-904,-1316,-1792,-2222,-2694,-3097,-3467,-3874,-4264,-4611,-4912,-5263,-5614,-5955,-256,-579,-913,-1299,-1692,-2024,-2437,-2913,-3397,-3892,-4367,-4821,-5232,-5620,-6137,-6612,-293,-609,-985,-1461,-1990,-2347,-2803,-3394,-4067,-4629,-5159,-5675,-6271,-6798,-7384,-7904,-83,-160,-251,-348,-430,-528,-621,-719,-816,-911,-996,-1070,-1115,-1192,-1281,-126,-270,-426,-652,-861,-1104,-1313,-1478,-1697,-1927,-2150,-2319,-2532,-2730,-2929,-326,-712,-1124,-1600,-2030,-2502,-2905,-3275,-3682,-4072,-4419,-4720,-5071,-5422,-5763,-323,-657,-1043,-1436,-1768,-2181,-2657,-3141,-3636,-4111,-4565,-4976,-5364,-5881,-6356,-316,-692,-1168,-1697,-2054,-2510,-3101,-3774,-4336,-4866,-5382,-5978,-6505,-7091,-7611,-77,-168,-265,-347,-445,-538,-636,-733,-828,-913,-987,-1032,-1109,-1198,-144,-300,-526,-735,-978,-1187,-1352,-1571,-1801,-2024,-2193,-2406,-2604,-2803,-386,-798,-1274,-1704,-2176,-2579,-2949,-3356,-3746,-4093,-4394,-4745,-5096,-5437,-334,-720,-1113,-1445,-1858,-2334,-2818,-3313,-3788,-4242,-4653,-5041,-5558,-6033,-376,-852,-1381,-1738,-2194,-2785,-3458,-4020,-4550,-5066,-5662,-6189,-6775,-7295,-91,-188,-270,-368,-461,-559,-656,-751,-836,-910,-955,-1032,-1121,-156,-382,-591,-834,-1043,-1208,-1427,-1657,-1880,-2049,-2262,-2460,-2659,-412,-888,-1318,-1790,-2193,-2563,-2970,-3360,-3707,-4008,-4359,-4710,-5051,-386,-779,-1111,-1524,-2000,-2484,-2979,-3454,-3908,-4319,-4707,-5224,-5699,-476,-1005,-1362,-1818,-2409,-3082,-3644,-4174,-4690,-5286,-5813,-6399,-6919,-97,-179,-277,-370,-468,-565,-660,-745,-819,-864,-941,-1030,-226,-435,-678,-887,-1052,-1271,-1501,-1724,-1893,-2106,-2304,-2503,-476,-906,-1378,-1781,-2151,-2558,-2948,-3295,-3596,-3947,-4298,-4639,-393,-725,-1138,-1614,-2098,-2593,-3068,-3522,-3933,-4321,-4838,-5313,-529,-886,-1342,-1933,-2606,-3168,-3698,-4214,-4810,-5337,-5923,-6443,-82,-180,-273,-371,-468,-563,-648,-722,-767,-844,-933,-209,-452,-661,-826,-1045,-1275,-1498,-1667,-1880,-2078,-2277,-430,-902,-1305,-1675,-2082,-2472,-2819,-3120,-3471,-3822,-4163,-332,-745,-1221,-1705,-2200,-2675,-3129,-3540,-3928,-4445,-4920,-357,-813,-1404,-2077,-2639,-3169,-3685,-4281,-4808,-5394,-5914,-98,-191,-289,-386,-481,-566,-640,-685,-762,-851,-243,-452,-617,-836,-1066,-1289,-1458,-1671,-1869,-2068,-472,-875,-1245,-1652,-2042,-2389,-2690,-3041,-3392,-3733,-413,-889,-1373,-1868,-2343,-2797,-3208,-3596,-4113,-4588,-456,-1047,-1720,-2282,-2812,-3328,-3924,-4451,-5037,-5557,-93,-191,-288,-383,-468,-542,-587,-664,-753,-209,-374,-593,-823,-1046,-1215,-1428,-1626,-1825,-403,-773,-1180,-1570,-1917,-2218,-2569,-2920,-3261,-476,-960,-1455,-1930,-2384,-2795,-3183,-3700,-4175,-591,-1264,-1826,-2356,-2872,-3468,-3995,-4581,-5101,-98,-195,-290,-375,-449,-494,-571,-660,-165,-384,-614,-837,-1006,-1219,-1417,-1616,-370,-777,-1167,-1514,-1815,-2166,-2517,-2858,-484,-979,-1454,-1908,-2319,-2707,-3224,-3699,-673,-1235,-1765,-2281,-2877,-3404,-3990,-4510,-97,-192,-277,-351,-396,-473,-562,-219,-449,-672,-841,-1054,-1252,-1451,-407,-797,-1144,-1445,-1796,-2147,-2488,-495,-970,-1424,-1835,-2223,-2740,-3215,-562,-1092,-1608,-2204,-2731,-3317,-3837,-95,-180,-254,-299,-376,-465,-230,-453,-622,-835,-1033,-1232,-390,-737,-1038,-1389,-1740,-2081,-475,-929,-1340,-1728,-2245,-2720,-530,-1046,-1642,-2169,-2755,-3275,-85,-159,-204,-281,-370,-223,-392,-605,-803,-1002,-347,-648,-999,-1350,-1691,-454,-865,-1253,-1770,-2245,-516,-1112,-1639,-2225,-2745,-74,-119,-196,-285,-169,-382,-580,-779,-301,-652,-1003,-1344,-411,-799,-1316,-1791,-596,-1123,-1709,-2229,-45,-122,-211,-213,-411,-610,-351,-702,-1043,-388,-905,-1380,-527,-1113,-1633,-77,-166,-198,-397,-351,-692,-517,-992,-586,-1106,-89,-199,-341,-475,-520,-115,-259,-350,-402,-482,-569,-650,-747,-849,-958,-1031,-1124,-1230,-1340,-1424,-1508,-1604,-1693,-230,-305,-346,-525,-752,-1018,-1310,-1568,-1850,-2065,-2258,-2508,-2758,-2978,-3167,-3397,-3621,-3841,-303,-636,-866,-1115,-1421,-1752,-2076,-2415,-2787,-3153,-3465,-3823,-4183,-4531,-4819,-5088,-5450,-5797,-432,-814,-1029,-1303,-1592,-1947,-2272,-2512,-2823,-3250,-3674,-4104,-4535,-4970,-5378,-5727,-6224,-6671,-603,-1083,-1384,-1573,-1916,-2355,-2868,-3285,-3776,-4323,-4900,-5411,-5926,-6430,-7028,-7561,-8096,-8584,-144,-235,-287,-367,-454,-535,-632,-734,-843,-916,-1009,-1115,-1225,-1309,-1393,-1489,-1578,-75,-116,-295,-522,-788,-1080,-1338,-1620,-1835,-2028,-2278,-2528,-2748,-2937,-3167,-3391,-3611,-333,-563,-812,-1118,-1449,-1773,-2112,-2484,-2850,-3162,-3520,-3880,-4228,-4516,-4785,-5147,-5494,-382,-597,-871,-1160,-1515,-1840,-2080,-2391,-2818,-3242,-3672,-4103,-4538,-4946,-5295,-5792,-6239,-480,-781,-970,-1313,-1752,-2265,-2682,-3173,-3720,-4297,-4808,-5323,-5827,-6425,-6958,-7493,-7981,-91,-143,-223,-310,-391,-488,-590,-699,-772,-865,-971,-1081,-1165,-1249,-1345,-1434,-41,-220,-447,-713,-1005,-1263,-1545,-1760,-1953,-2203,-2453,-2673,-2862,-3092,-3316,-3536,-230,-479,-785,-1116,-1440,-1779,-2151,-2517,-2829,-3187,-3547,-3895,-4183,-4452,-4814,-5161,-215,-489,-778,-1133,-1458,-1698,-2009,-2436,-2860,-3290,-3721,-4156,-4564,-4913,-5410,-5857,-301,-490,-833,-1272,-1785,-2202,-2693,-3240,-3817,-4328,-4843,-5347,-5945,-6478,-7013,-7501,-52,-132,-219,-300,-397,-499,-608,-681,-774,-880,-990,-1074,-1158,-1254,-1343,-179,-406,-672,-964,-1222,-1504,-1719,-1912,-2162,-2412,-2632,-2821,-3051,-3275,-3495,-249,-555,-886,-1210,-1549,-1921,-2287,-2599,-2957,-3317,-3665,-3953,-4222,-4584,-4931,-274,-563,-918,-1243,-1483,-1794,-2221,-2645,-3075,-3506,-3941,-4349,-4698,-5195,-5642,-189,-532,-971,-1484,-1901,-2392,-2939,-3516,-4027,-4542,-5046,-5644,-6177,-6712,-7200,-80,-167,-248,-345,-447,-556,-629,-722,-828,-938,-1022,-1106,-1202,-1291,-227,-493,-785,-1043,-1325,-1540,-1733,-1983,-2233,-2453,-2642,-2872,-3096,-3316,-306,-637,-961,-1300,-1672,-2038,-2350,-2708,-3068,-3416,-3704,-3973,-4335,-4682,-289,-644,-969,-1209,-1520,-1947,-2371,-2801,-3232,-3667,-4075,-4424,-4921,-5368,-343,-782,-1295,-1712,-2203,-2750,-3327,-3838,-4353,-4857,-5455,-5988,-6523,-7011,-87,-168,-265,-367,-476,-549,-642,-748,-858,-942,-1026,-1122,-1211,-266,-558,-816,-1098,-1313,-1506,-1756,-2006,-2226,-2415,-2645,-2869,-3089,-331,-655,-994,-1366,-1732,-2044,-2402,-2762,-3110,-3398,-3667,-4029,-4376,-355,-680,-920,-1231,-1658,-2082,-2512,-2943,-3378,-3786,-4135,-4632,-5079,-439,-952,-1369,-1860,-2407,-2984,-3495,-4010,-4514,-5112,-5645,-6180,-6668,-81,-178,-280,-389,-462,-555,-661,-771,-855,-939,-1035,-1124,-292,-550,-832,-1047,-1240,-1490,-1740,-1960,-2149,-2379,-2603,-2823,-324,-663,-1035,-1401,-1713,-2071,-2431,-2779,-3067,-3336,-3698,-4045,-325,-565,-876,-1303,-1727,-2157,-2588,-3023,-3431,-3780,-4277,-4724,-513,-930,-1421,-1968,-2545,-3056,-3571,-4075,-4673,-5206,-5741,-6229,-97,-199,-308,-381,-474,-580,-690,-774,-858,-954,-1043,-258,-540,-755,-948,-1198,-1448,-1668,-1857,-2087,-2311,-2531,-339,-711,-1077,-1389,-1747,-2107,-2455,-2743,-3012,-3374,-3721,-240,-551,-978,-1402,-1832,-2263,-2698,-3106,-3455,-3952,-4399,-417,-908,-1455,-2032,-2543,-3058,-3562,-4160,-4693,-5228,-5716,-102,-211,-284,-377,-483,-593,-677,-761,-857,-946,-282,-497,-690,-940,-1190,-1410,-1599,-1829,-2053,-2273,-372,-738,-1050,-1408,-1768,-2116,-2404,-2673,-3035,-3382,-311,-738,-1162,-1592,-2023,-2458,-2866,-3215,-3712,-4159,-491,-1038,-1615,-2126,-2641,-3145,-3743,-4276,-4811,-5299,-109,-182,-275,-381,-491,-575,-659,-755,-844,-215,-408,-658,-908,-1128,-1317,-1547,-1771,-1991,-366,-678,-1036,-1396,-1744,-2032,-2301,-2663,-3010,-427,-851,-1281,-1712,-2147,-2555,-2904,-3401,-3848,-547,-1124,-1635,-2150,-2654,-3252,-3785,-4320,-4808,-73,-166,-272,-382,-466,-550,-646,-735,-193,-443,-693,-913,-1102,-1332,-1556,-1776,-312,-670,-1030,-1378,-1666,-1935,-2297,-2644,-424,-854,-1285,-1720,-2128,-2477,-2974,-3421,-577,-1088,-1603,-2107,-2705,-3238,-3773,-4261,-93,-199,-309,-393,-477,-573,-662,-250,-500,-720,-909,-1139,-1363,-1583,-358,-718,-1066,-1354,-1623,-1985,-2332,-430,-861,-1296,-1704,-2053,-2550,-2997,-511,-1026,-1530,-2128,-2661,-3196,-3684,-106,-216,-300,-384,-480,-569,-250,-470,-659,-889,-1113,-1333,-360,-708,-996,-1265,-1627,-1974,-431,-866,-1274,-1623,-2120,-2567,-515,-1019,-1617,-2150,-2685,-3173,-110,-194,-278,-374,-463,-220,-409,-639,-863,-1083,-348,-636,-905,-1267,-1614,-435,-843,-1192,-1689,-2136,-504,-1102,-1635,-2170,-2658,-84,-168,-264,-353,-189,-419,-643,-863,-288,-557,-919,-1266,-408,-757,-1254,-1701,-598,-1131,-1666,-2154,-84,-180,-269,-230,-454,-674,-269,-631,-978,-349,-846,-1293,-533,-1068,-1556,-96,-185,-224,-444,-362,-709,-497,-944,-535,-1023,-89,-220,-347,-447,-488,-107,-198,-253,-319,-386,-453,-558,-639,-737,-807,-871,-964,-1064,-1162,-1240,-1313,-1411,-1509,-229,-460,-669,-904,-1184,-1494,-1768,-2037,-2311,-2554,-2754,-2982,-3216,-3431,-3596,-3743,-3945,-4153,-285,-700,-1035,-1287,-1489,-1685,-1886,-2085,-2332,-2613,-2855,-3158,-3484,-3829,-4077,-4259,-4613,-4957,-432,-747,-938,-1132,-1381,-1723,-2099,-2360,-2655,-3027,-3457,-3863,-4277,-4688,-5097,-5437,-5880,-6306,-91,-146,-212,-279,-346,-451,-532,-630,-700,-764,-857,-957,-1055,-1133,-1206,-1304,-1402,-231,-440,-675,-955,-1265,-1539,-1808,-2082,-2325,-2525,-2753,-2987,-3202,-3367,-3514,-3716,-3924,-415,-750,-1002,-1204,-1400,-1601,-1800,-2047,-2328,-2570,-2873,-3199,-3544,-3792,-3974,-4328,-4672,-315,-506,-700,-949,-1291,-1667,-1928,-2223,-2595,-3025,-3431,-3845,-4256,-4665,-5005,-5448,-5874,-55,-121,-188,-255,-360,-441,-539,-609,-673,-766,-866,-964,-1042,-1115,-1213,-1311,-209,-444,-724,-1034,-1308,-1577,-1851,-2094,-2294,-2522,-2756,-2971,-3136,-3283,-3485,-3693,-335,-587,-789,-985,-1186,-1385,-1632,-1913,-2155,-2458,-2784,-3129,-3377,-3559,-3913,-4257,-191,-385,-634,-976,-1352,-1613,-1908,-2280,-2710,-3116,-3530,-3941,-4350,-4690,-5133,-5559,-66,-133,-200,-305,-386,-484,-554,-618,-711,-811,-909,-987,-1060,-1158,-1256,-235,-515,-825,-1099,-1368,-1642,-1885,-2085,-2313,-2547,-2762,-2927,-3074,-3276,-3484,-252,-454,-650,-851,-1050,-1297,-1578,-1820,-2123,-2449,-2794,-3042,-3224,-3578,-3922,-194,-443,-785,-1161,-1422,-1717,-2089,-2519,-2925,-3339,-3750,-4159,-4499,-4942,-5368,-67,-134,-239,-320,-418,-488,-552,-645,-745,-843,-921,-994,-1092,-1190,-280,-590,-864,-1133,-1407,-1650,-1850,-2078,-2312,-2527,-2692,-2839,-3041,-3249,-202,-398,-599,-798,-1045,-1326,-1568,-1871,-2197,-2542,-2790,-2972,-3326,-3670,-249,-591,-967,-1228,-1523,-1895,-2325,-2731,-3145,-3556,-3965,-4305,-4748,-5174,-67,-172,-253,-351,-421,-485,-578,-678,-776,-854,-927,-1025,-1123,-310,-584,-853,-1127,-1370,-1570,-1798,-2032,-2247,-2412,-2559,-2761,-2969,-196,-397,-596,-843,-1124,-1366,-1669,-1995,-2340,-2588,-2770,-3124,-3468,-342,-718,-979,-1274,-1646,-2076,-2482,-2896,-3307,-3716,-4056,-4499,-4925,-105,-186,-284,-354,-418,-511,-611,-709,-787,-860,-958,-1056,-274,-543,-817,-1060,-1260,-1488,-1722,-1937,-2102,-2249,-2451,-2659,-201,-400,-647,-928,-1170,-1473,-1799,-2144,-2392,-2574,-2928,-3272,-376,-637,-932,-1304,-1734,-2140,-2554,-2965,-3374,-3714,-4157,-4583,-81,-179,-249,-313,-406,-506,-604,-682,-755,-853,-951,-269,-543,-786,-986,-1214,-1448,-1663,-1828,-1975,-2177,-2385,-199,-446,-727,-969,-1272,-1598,-1943,-2191,-2373,-2727,-3071,-261,-556,-928,-1358,-1764,-2178,-2589,-2998,-3338,-3781,-4207,-98,-168,-232,-325,-425,-523,-601,-674,-772,-870,-274,-517,-717,-945,-1179,-1394,-1559,-1706,-1908,-2116,-247,-528,-770,-1073,-1399,-1744,-1992,-2174,-2528,-2872,-295,-667,-1097,-1503,-1917,-2328,-2737,-3077,-3520,-3946,-70,-134,-227,-327,-425,-503,-576,-674,-772,-243,-443,-671,-905,-1120,-1285,-1432,-1634,-1842,-281,-523,-826,-1152,-1497,-1745,-1927,-2281,-2625,-372,-802,-1208,-1622,-2033,-2442,-2782,-3225,-3651,-64,-157,-257,-355,-433,-506,-604,-702,-200,-428,-662,-877,-1042,-1189,-1391,-1599,-242,-545,-871,-1216,-1464,-1646,-2000,-2344,-430,-836,-1250,-1661,-2070,-2410,-2853,-3279,-93,-193,-291,-369,-442,-540,-638,-228,-462,-677,-842,-989,-1191,-1399,-303,-629,-974,-1222,-1404,-1758,-2102,-406,-820,-1231,-1640,-1980,-2423,-2849,-100,-198,-276,-349,-447,-545,-234,-449,-614,-761,-963,-1171,-326,-671,-919,-1101,-1455,-1799,-414,-825,-1234,-1574,-2017,-2443,-98,-176,-249,-347,-445,-215,-380,-527,-729,-937,-345,-593,-775,-1129,-1473,-411,-820,-1160,-1603,-2029,-78,-151,-249,-347,-165,-312,-514,-722,-248,-430,-784,-1128,-409,-749,-1192,-1618,-73,-171,-269,-147,-349,-557,-182,-536,-880,-340,-783,-1209,-98,-196,-202,-410,-354,-698,-443,-869,-98,-208,-344,-426,-91,-174,-244,-305,-392,-507,-598,-707,-812,-902,-971,-1069,-1180,-1284,-1355,-1415,-1504,-1606,-198,-532,-803,-942,-1105,-1258,-1445,-1657,-1873,-2073,-2225,-2417,-2634,-2860,-3007,-3119,-3319,-3531,-291,-595,-828,-1034,-1207,-1436,-1618,-1770,-1971,-2234,-2464,-2756,-3072,-3403,-3638,-3831,-4177,-4517,-485,-862,-1178,-1397,-1718,-2111,-2547,-2940,-3348,-3784,-4191,-4594,-5029,-5452,-5876,-6268,-6669,-7066,-83,-153,-214,-301,-416,-507,-616,-721,-811,-880,-978,-1089,-1193,-1264,-1324,-1413,-1515,-334,-605,-744,-907,-1060,-1247,-1459,-1675,-1875,-2027,-2219,-2436,-2662,-2809,-2921,-3121,-3333,-304,-537,-743,-916,-1145,-1327,-1479,-1680,-1943,-2173,-2465,-2781,-3112,-3347,-3540,-3886,-4226,-377,-693,-912,-1233,-1626,-2062,-2455,-2863,-3299,-3706,-4109,-4544,-4967,-5391,-5783,-6184,-6581,-70,-131,-218,-333,-424,-533,-638,-728,-797,-895,-1006,-1110,-1181,-1241,-1330,-1432,-271,-410,-573,-726,-913,-1125,-1341,-1541,-1693,-1885,-2102,-2328,-2475,-2587,-2787,-2999,-233,-439,-612,-841,-1023,-1175,-1376,-1639,-1869,-2161,-2477,-2808,-3043,-3236,-3582,-3922,-316,-535,-856,-1249,-1685,-2078,-2486,-2922,-3329,-3732,-4167,-4590,-5014,-5406,-5807,-6204,-61,-148,-263,-354,-463,-568,-658,-727,-825,-936,-1040,-1111,-1171,-1260,-1362,-139,-302,-455,-642,-854,-1070,-1270,-1422,-1614,-1831,-2057,-2204,-2316,-2516,-2728,-206,-379,-608,-790,-942,-1143,-1406,-1636,-1928,-2244,-2575,-2810,-3003,-3349,-3689,-219,-540,-933,-1369,-1762,-2170,-2606,-3013,-3416,-3851,-4274,-4698,-5090,-5491,-5888,-87,-202,-293,-402,-507,-597,-666,-764,-875,-979,-1050,-1110,-1199,-1301,-163,-316,-503,-715,-931,-1131,-1283,-1475,-1692,-1918,-2065,-2177,-2377,-2589,-173,-402,-584,-736,-937,-1200,-1430,-1722,-2038,-2369,-2604,-2797,-3143,-3483,-321,-714,-1150,-1543,-1951,-2387,-2794,-3197,-3632,-4055,-4479,-4871,-5272,-5669,-115,-206,-315,-420,-510,-579,-677,-788,-892,-963,-1023,-1112,-1214,-153,-340,-552,-768,-968,-1120,-1312,-1529,-1755,-1902,-2014,-2214,-2426,-229,-411,-563,-764,-1027,-1257,-1549,-1865,-2196,-2431,-2624,-2970,-3310,-393,-829,-1222,-1630,-2066,-2473,-2876,-3311,-3734,-4158,-4550,-4951,-5348,-91,-200,-305,-395,-464,-562,-673,-777,-848,-908,-997,-1099,-187,-399,-615,-815,-967,-1159,-1376,-1602,-1749,-1861,-2061,-2273,-182,-334,-535,-798,-1028,-1320,-1636,-1967,-2202,-2395,-2741,-3081,-436,-829,-1237,-1673,-2080,-2483,-2918,-3341,-3765,-4157,-4558,-4955,-109,-214,-304,-373,-471,-582,-686,-757,-817,-906,-1008,-212,-428,-628,-780,-972,-1189,-1415,-1562,-1674,-1874,-2086,-152,-353,-616,-846,-1138,-1454,-1785,-2020,-2213,-2559,-2899,-393,-801,-1237,-1644,-2047,-2482,-2905,-3329,-3721,-4122,-4519,-105,-195,-264,-362,-473,-577,-648,-708,-797,-899,-216,-416,-568,-760,-977,-1203,-1350,-1462,-1662,-1874,-201,-464,-694,-986,-1302,-1633,-1868,-2061,-2407,-2747,-408,-844,-1251,-1654,-2089,-2512,-2936,-3328,-3729,-4126,-90,-159,-257,-368,-472,-543,-603,-692,-794,-200,-352,-544,-761,-987,-1134,-1246,-1446,-1658,-263,-493,-785,-1101,-1432,-1667,-1860,-2206,-2546,-436,-843,-1246,-1681,-2104,-2528,-2920,-3321,-3718,-69,-167,-278,-382,-453,-513,-602,-704,-152,-344,-561,-787,-934,-1046,-1246,-1458,-230,-522,-838,-1169,-1404,-1597,-1943,-2283,-407,-810,-1245,-1668,-2092,-2484,-2885,-3282,-98,-209,-313,-384,-444,-533,-635,-192,-409,-635,-782,-894,-1094,-1306,-292,-608,-939,-1174,-1367,-1713,-2053,-403,-838,-1261,-1685,-2077,-2478,-2875,-111,-215,-286,-346,-435,-537,-217,-443,-590,-702,-902,-1114,-316,-647,-882,-1075,-1421,-1761,-435,-858,-1282,-1674,-2075,-2472,-104,-175,-235,-324,-426,-226,-373,-485,-685,-897,-331,-566,-759,-1105,-1445,-423,-847,-1239,-1640,-2037,-71,-131,-220,-322,-147,-259,-459,-671,-235,-428,-774,-1114,-424,-816,-1217,-1614,-60,-149,-251,-112,-312,-524,-193,-539,-879,-392,-793,-1190,-89,-191,-200,-412,-346,-686,-401,-798,-102,-212,-340,-397,-131,-300,-468,-597,-718,-825,-940,-1055,-1175,-1279,-1339,-1432,-1542,-1656,-1721,-1781,-1873,-1968,-174,-405,-602,-709,-791,-859,-966,-1118,-1290,-1449,-1546,-1737,-1965,-2209,-2355,-2486,-2710,-2946,-353,-561,-739,-967,-1210,-1520,-1864,-2107,-2372,-2648,-2937,-3256,-3595,-3920,-4184,-4449,-4778,-5110,-514,-948,-1370,-1699,-2130,-2608,-3150,-3664,-4213,-4707,-5123,-5547,-5998,-6446,-6888,-7319,-7698,-8089,-169,-337,-466,-587,-694,-809,-924,-1044,-1148,-1208,-1301,-1411,-1525,-1590,-1650,-1742,-1837,-231,-428,-535,-617,-685,-792,-944,-1116,-1275,-1372,-1563,-1791,-2035,-2181,-2312,-2536,-2772,-208,-386,-614,-857,-1167,-1511,-1754,-2019,-2295,-2584,-2903,-3242,-3567,-3831,-4096,-4425,-4757,-434,-856,-1185,-1616,-2094,-2636,-3150,-3699,-4193,-4609,-5033,-5484,-5932,-6374,-6805,-7184,-7575,-168,-297,-418,-525,-640,-755,-875,-979,-1039,-1132,-1242,-1356,-1421,-1481,-1573,-1668,-197,-304,-386,-454,-561,-713,-885,-1044,-1141,-1332,-1560,-1804,-1950,-2081,-2305,-2541,-178,-406,-649,-959,-1303,-1546,-1811,-2087,-2376,-2695,-3034,-3359,-3623,-3888,-4217,-4549,-422,-751,-1182,-1660,-2202,-2716,-3265,-3759,-4175,-4599,-5050,-5498,-5940,-6371,-6750,-7141,-129,-250,-357,-472,-587,-707,-811,-871,-964,-1074,-1188,-1253,-1313,-1405,-1500,-107,-189,-257,-364,-516,-688,-847,-944,-1135,-1363,-1607,-1753,-1884,-2108,-2344,-228,-471,-781,-1125,-1368,-1633,-1909,-2198,-2517,-2856,-3181,-3445,-3710,-4039,-4371,-329,-760,-1238,-1780,-2294,-2843,-3337,-3753,-4177,-4628,-5076,-5518,-5949,-6328,-6719,-121,-228,-343,-458,-578,-682,-742,-835,-945,-1059,-1124,-1184,-1276,-1371,-82,-150,-257,-409,-581,-740,-837,-1028,-1256,-1500,-1646,-1777,-2001,-2237,-243,-553,-897,-1140,-1405,-1681,-1970,-2289,-2628,-2953,-3217,-3482,-3811,-4143,-431,-909,-1451,-1965,-2514,-3008,-3424,-3848,-4299,-4747,-5189,-5620,-5999,-6390,-107,-222,-337,-457,-561,-621,-714,-824,-938,-1003,-1063,-1155,-1250,-68,-175,-327,-499,-658,-755,-946,-1174,-1418,-1564,-1695,-1919,-2155,-310,-654,-897,-1162,-1438,-1727,-2046,-2385,-2710,-2974,-3239,-3568,-3900,-478,-1020,-1534,-2083,-2577,-2993,-3417,-3868,-4316,-4758,-5189,-5568,-5959,-115,-230,-350,-454,-514,-607,-717,-831,-896,-956,-1048,-1143,-107,-259,-431,-590,-687,-878,-1106,-1350,-1496,-1627,-1851,-2087,-344,-587,-852,-1128,-1417,-1736,-2075,-2400,-2664,-2929,-3258,-3590,-542,-1056,-1605,-2099,-2515,-2939,-3390,-3838,-4280,-4711,-5090,-5481,-115,-235,-339,-399,-492,-602,-716,-781,-841,-933,-1028,-152,-324,-483,-580,-771,-999,-1243,-1389,-1520,-1744,-1980,-243,-508,-784,-1073,-1392,-1731,-2056,-2320,-2585,-2914,-3246,-514,-1063,-1557,-1973,-2397,-2848,-3296,-3738,-4169,-4548,-4939,-120,-224,-284,-377,-487,-601,-666,-726,-818,-913,-172,-331,-428,-619,-847,-1091,-1237,-1368,-1592,-1828,-265,-541,-830,-1149,-1488,-1813,-2077,-2342,-2671,-3003,-549,-1043,-1459,-1883,-2334,-2782,-3224,-3655,-4034,-4425,-104,-164,-257,-367,-481,-546,-606,-698,-793,-159,-256,-447,-675,-919,-1065,-1196,-1420,-1656,-276,-565,-884,-1223,-1548,-1812,-2077,-2406,-2738,-494,-910,-1334,-1785,-2233,-2675,-3106,-3485,-3876,-60,-153,-263,-377,-442,-502,-594,-689,-97,-288,-516,-760,-906,-1037,-1261,-1497,-289,-608,-947,-1272,-1536,-1801,-2130,-2462,-416,-840,-1291,-1739,-2181,-2612,-2991,-3382,-93,-203,-317,-382,-442,-534,-629,-191,-419,-663,-809,-940,-1164,-1400,-319,-658,-983,-1247,-1512,-1841,-2173,-424,-875,-1323,-1765,-2196,-2575,-2966,-110,-224,-289,-349,-441,-536,-228,-472,-618,-749,-973,-1209,-339,-664,-928,-1193,-1522,-1854,-451,-899,-1341,-1772,-2151,-2542,-114,-179,-239,-331,-426,-244,-390,-521,-745,-981,-325,-589,-854,-1183,-1515,-448,-890,-1321,-1700,-2091,-65,-125,-217,-312,-146,-277,-501,-737,-264,-529,-858,-1190,-442,-873,-1252,-1643,-60,-152,-247,-131,-355,-591,-265,-594,-926,-431,-810,-1201,-92,-187,-224,-460,-329,-661,-379,-770,-95,-236,-332,-391,-84,-164,-216,-261,-334,-431,-542,-658,-776,-867,-941,-1046,-1160,-1271,-1342,-1416,-1514,-1628,-212,-366,-544,-800,-997,-1228,-1402,-1558,-1751,-1952,-2094,-2316,-2556,-2801,-2949,-3102,-3338,-3578,-379,-531,-669,-855,-1183,-1592,-2041,-2447,-2832,-3196,-3534,-3883,-4247,-4580,-4895,-5234,-5545,-5869,-80,-132,-177,-250,-347,-458,-574,-692,-783,-857,-962,-1076,-1187,-1258,-1332,-1430,-1544,-154,-332,-588,-785,-1016,-1190,-1346,-1539,-1740,-1882,-2104,-2344,-2589,-2737,-2890,-3126,-3366,-152,-290,-476,-804,-1213,-1662,-2068,-2453,-2817,-3155,-3504,-3868,-4201,-4516,-4855,-5166,-5490,-52,-97,-170,-267,-378,-494,-612,-703,-777,-882,-996,-1107,-1178,-1252,-1350,-1464,-178,-434,-631,-862,-1036,-1192,-1385,-1586,-1728,-1950,-2190,-2435,-2583,-2736,-2972,-3212,-138,-324,-652,-1061,-1510,-1916,-2301,-2665,-3003,-3352,-3716,-4049,-4364,-4703,-5014,-5338,-45,-118,-215,-326,-442,-560,-651,-725,-830,-944,-1055,-1126,-1200,-1298,-1412,-256,-453,-684,-858,-1014,-1207,-1408,-1550,-1772,-2012,-2257,-2405,-2558,-2794,-3034,-186,-514,-923,-1372,-1778,-2163,-2527,-2865,-3214,-3578,-3911,-4226,-4565,-4876,-5200,-73,-170,-281,-397,-515,-606,-680,-785,-899,-1010,-1081,-1155,-1253,-1367,-197,-428,-602,-758,-951,-1152,-1294,-1516,-1756,-2001,-2149,-2302,-2538,-2778,-328,-737,-1186,-1592,-1977,-2341,-2679,-3028,-3392,-3725,-4040,-4379,-4690,-5014,-97,-208,-324,-442,-533,-607,-712,-826,-937,-1008,-1082,-1180,-1294,-231,-405,-561,-754,-955,-1097,-1319,-1559,-1804,-1952,-2105,-2341,-2581,-409,-858,-1264,-1649,-2013,-2351,-2700,-3064,-3397,-3712,-4051,-4362,-4686,-111,-227,-345,-436,-510,-615,-729,-840,-911,-985,-1083,-1197,-174,-330,-523,-724,-866,-1088,-1328,-1573,-1721,-1874,-2110,-2350,-449,-855,-1240,-1604,-1942,-2291,-2655,-2988,-3303,-3642,-3953,-4277,-116,-234,-325,-399,-504,-618,-729,-800,-874,-972,-1086,-156,-349,-550,-692,-914,-1154,-1399,-1547,-1700,-1936,-2176,-406,-791,-1155,-1493,-1842,-2206,-2539,-2854,-3193,-3504,-3828,-118,-209,-283,-388,-502,-613,-684,-758,-856,-970,-193,-394,-536,-758,-998,-1243,-1391,-1544,-1780,-2020,-385,-749,-1087,-1436,-1800,-2133,-2448,-2787,-3098,-3422,-91,-165,-270,-384,-495,-566,-640,-738,-852,-201,-343,-565,-805,-1050,-1198,-1351,-1587,-1827,-364,-702,-1051,-1415,-1748,-2063,-2402,-2713,-3037,-74,-179,-293,-404,-475,-549,-647,-761,-142,-364,-604,-849,-997,-1150,-1386,-1626,-338,-687,-1051,-1384,-1699,-2038,-2349,-2673,-105,-219,-330,-401,-475,-573,-687,-222,-462,-707,-855,-1008,-1244,-1484,-349,-713,-1046,-1361,-1700,-2011,-2335,-114,-225,-296,-370,-468,-582,-240,-485,-633,-786,-1022,-1262,-364,-697,-1012,-1351,-1662,-1986,-111,-182,-256,-354,-468,-245,-393,-546,-782,-1022,-333,-648,-987,-1298,-1622,-71,-145,-243,-357,-148,-301,-537,-777,-315,-654,-965,-1289,-74,-172,-286,-153,-389,-629,-339,-650,-974,-98,-212,-236,-476,-311,-635,-114,-240,-324,-115,-230,-373,-483,-581,-661,-775,-906,-1037,-1133,-1196,-1310,-1444,-1574,-1648,-1732,-1843,-1963,-250,-399,-558,-799,-1063,-1395,-1722,-1955,-2205,-2434,-2675,-2925,-3170,-3391,-3553,-3740,-3967,-4201,-370,-694,-1036,-1314,-1680,-2054,-2527,-3013,-3492,-3906,-4252,-4615,-5001,-5372,-5715,-6071,-6379,-6708,-115,-258,-368,-466,-546,-660,-791,-922,-1018,-1081,-1195,-1329,-1459,-1533,-1617,-1728,-1848,-149,-308,-549,-813,-1145,-1472,-1705,-1955,-2184,-2425,-2675,-2920,-3141,-3303,-3490,-3717,-3951,-324,-666,-944,-1310,-1684,-2157,-2643,-3122,-3536,-3882,-4245,-4631,-5002,-5345,-5701,-6009,-6338,-143,-253,-351,-431,-545,-676,-807,-903,-966,-1080,-1214,-1344,-1418,-1502,-1613,-1733,-159,-400,-664,-996,-1323,-1556,-1806,-2035,-2276,-2526,-2771,-2992,-3154,-3341,-3568,-3802,-342,-620,-986,-1360,-1833,-2319,-2798,-3212,-3558,-3921,-4307,-4678,-5021,-5377,-5685,-6014,-110,-208,-288,-402,-533,-664,-760,-823,-937,-1071,-1201,-1275,-1359,-1470,-1590,-241,-505,-837,-1164,-1397,-1647,-1876,-2117,-2367,-2612,-2833,-2995,-3182,-3409,-3643,-278,-644,-1018,-1491,-1977,-2456,-2870,-3216,-3579,-3965,-4336,-4679,-5035,-5343,-5672,-98,-178,-292,-423,-554,-650,-713,-827,-961,-1091,-1165,-1249,-1360,-1480,-264,-596,-923,-1156,-1406,-1635,-1876,-2126,-2371,-2592,-2754,-2941,-3168,-3402,-366,-740,-1213,-1699,-2178,-2592,-2938,-3301,-3687,-4058,-4401,-4757,-5065,-5394,-80,-194,-325,-456,-552,-615,-729,-863,-993,-1067,-1151,-1262,-1382,-332,-659,-892,-1142,-1371,-1612,-1862,-2107,-2328,-2490,-2677,-2904,-3138,-374,-847,-1333,-1812,-2226,-2572,-2935,-3321,-3692,-4035,-4391,-4699,-5028,-114,-245,-376,-472,-535,-649,-783,-913,-987,-1071,-1182,-1302,-327,-560,-810,-1039,-1280,-1530,-1775,-1996,-2158,-2345,-2572,-2806,-473,-959,-1438,-1852,-2198,-2561,-2947,-3318,-3661,-4017,-4325,-4654,-131,-262,-358,-421,-535,-669,-799,-873,-957,-1068,-1188,-233,-483,-712,-953,-1203,-1448,-1669,-1831,-2018,-2245,-2479,-486,-965,-1379,-1725,-2088,-2474,-2845,-3188,-3544,-3852,-4181,-131,-227,-290,-404,-538,-668,-742,-826,-937,-1057,-250,-479,-720,-970,-1215,-1436,-1598,-1785,-2012,-2246,-479,-893,-1239,-1602,-1988,-2359,-2702,-3058,-3366,-3695,-96,-159,-273,-407,-537,-611,-695,-806,-926,-229,-470,-720,-965,-1186,-1348,-1535,-1762,-1996,-414,-760,-1123,-1509,-1880,-2223,-2579,-2887,-3216,-63,-177,-311,-441,-515,-599,-710,-830,-241,-491,-736,-957,-1119,-1306,-1533,-1767,-346,-709,-1095,-1466,-1809,-2165,-2473,-2802,-114,-248,-378,-452,-536,-647,-767,-250,-495,-716,-878,-1065,-1292,-1526,-363,-749,-1120,-1463,-1819,-2127,-2456,-134,-264,-338,-422,-533,-653,-245,-466,-628,-815,-1042,-1276,-386,-757,-1100,-1456,-1764,-2093,-130,-204,-288,-399,-519,-221,-383,-570,-797,-1031,-371,-714,-1070,-1378,-1707,-74,-158,-269,-389,-162,-349,-576,-810,-343,-699,-1007,-1336,-84,-195,-315,-187,-414,-648,-356,-664,-993,-111,-231,-227,-461,-308,-637,-120,-234,-329,-107,-195,-282,-422,-563,-730,-840,-959,-1093,-1234,-1317,-1437,-1561,-1687,-1764,-1847,-1965,-2086,-242,-379,-493,-580,-786,-1021,-1350,-1666,-1955,-2199,-2436,-2686,-2951,-3184,-3389,-3622,-3845,-4084,-357,-806,-1312,-1662,-2032,-2389,-2774,-3225,-3732,-4164,-4470,-4835,-5216,-5608,-5931,-6260,-6595,-6939,-88,-175,-315,-456,-623,-733,-852,-986,-1127,-1210,-1330,-1454,-1580,-1657,-1740,-1858,-1979,-137,-251,-338,-544,-779,-1108,-1424,-1713,-1957,-2194,-2444,-2709,-2942,-3147,-3380,-3603,-3842,-449,-955,-1305,-1675,-2032,-2417,-2868,-3375,-3807,-4113,-4478,-4859,-5251,-5574,-5903,-6238,-6582,-87,-227,-368,-535,-645,-764,-898,-1039,-1122,-1242,-1366,-1492,-1569,-1652,-1770,-1891,-114,-201,-407,-642,-971,-1287,-1576,-1820,-2057,-2307,-2572,-2805,-3010,-3243,-3466,-3705,-506,-856,-1226,-1583,-1968,-2419,-2926,-3358,-3664,-4029,-4410,-4802,-5125,-5454,-5789,-6133,-140,-281,-448,-558,-677,-811,-952,-1035,-1155,-1279,-1405,-1482,-1565,-1683,-1804,-87,-293,-528,-857,-1173,-1462,-1706,-1943,-2193,-2458,-2691,-2896,-3129,-3352,-3591,-350,-720,-1077,-1462,-1913,-2420,-2852,-3158,-3523,-3904,-4296,-4619,-4948,-5283,-5627,-141,-308,-418,-537,-671,-812,-895,-1015,-1139,-1265,-1342,-1425,-1543,-1664,-206,-441,-770,-1086,-1375,-1619,-1856,-2106,-2371,-2604,-2809,-3042,-3265,-3504,-370,-727,-1112,-1563,-2070,-2502,-2808,-3173,-3554,-3946,-4269,-4598,-4933,-5277,-167,-277,-396,-530,-671,-754,-874,-998,-1124,-1201,-1284,-1402,-1523,-235,-564,-880,-1169,-1413,-1650,-1900,-2165,-2398,-2603,-2836,-3059,-3298,-357,-742,-1193,-1700,-2132,-2438,-2803,-3184,-3576,-3899,-4228,-4563,-4907,-110,-229,-363,-504,-587,-707,-831,-957,-1034,-1117,-1235,-1356,-329,-645,-934,-1178,-1415,-1665,-1930,-2163,-2368,-2601,-2824,-3063,-385,-836,-1343,-1775,-2081,-2446,-2827,-3219,-3542,-3871,-4206,-4550,-119,-253,-394,-477,-597,-721,-847,-924,-1007,-1125,-1246,-316,-605,-849,-1086,-1336,-1601,-1834,-2039,-2272,-2495,-2734,-451,-958,-1390,-1696,-2061,-2442,-2834,-3157,-3486,-3821,-4165,-134,-275,-358,-478,-602,-728,-805,-888,-1006,-1127,-289,-533,-770,-1020,-1285,-1518,-1723,-1956,-2179,-2418,-507,-939,-1245,-1610,-1991,-2383,-2706,-3035,-3370,-3714,-141,-224,-344,-468,-594,-671,-754,-872,-993,-244,-481,-731,-996,-1229,-1434,-1667,-1890,-2129,-432,-738,-1103,-1484,-1876,-2199,-2528,-2863,-3207,-83,-203,-327,-453,-530,-613,-731,-852,-237,-487,-752,-985,-1190,-1423,-1646,-1885,-306,-671,-1052,-1444,-1767,-2096,-2431,-2775,-120,-244,-370,-447,-530,-648,-769,-250,-515,-748,-953,-1186,-1409,-1648,-365,-746,-1138,-1461,-1790,-2125,-2469,-124,-250,-327,-410,-528,-649,-265,-498,-703,-936,-1159,-1398,-381,-773,-1096,-1425,-1760,-2104,-126,-203,-286,-404,-525,-233,-438,-671,-894,-1133,-392,-715,-1044,-1379,-1723,-77,-160,-278,-399,-205,-438,-661,-900,-323,-652,-987,-1331,-83,-201,-322,-233,-456,-695,-329,-664,-1008,-118,-239,-223,-462,-335,-679,-121,-239,-344,-106,-218,-340,-453,-553,-657,-820,-940,-1067,-1161,-1283,-1414,-1546,-1670,-1751,-1840,-1962,-2094,-221,-395,-581,-746,-955,-1145,-1375,-1677,-1966,-2251,-2443,-2689,-2961,-3241,-3477,-3712,-3951,-4199,-112,-234,-347,-447,-551,-714,-834,-961,-1055,-1177,-1308,-1440,-1564,-1645,-1734,-1856,-1988,-174,-360,-525,-734,-924,-1154,-1456,-1745,-2030,-2222,-2468,-2740,-3020,-3256,-3491,-3730,-3978,-122,-235,-335,-439,-602,-722,-849,-943,-1065,-1196,-1328,-1452,-1533,-1622,-1744,-1876,-186,-351,-560,-750,-980,-1282,-1571,-1856,-2048,-2294,-2566,-2846,-3082,-3317,-3556,-3804,-113,-213,-317,-480,-600,-727,-821,-943,-1074,-1206,-1330,-1411,-1500,-1622,-1754,-165,-374,-564,-794,-1096,-1385,-1670,-1862,-2108,-2380,-2660,-2896,-3131,-3370,-3618,-100,-204,-367,-487,-614,-708,-830,-961,-1093,-1217,-1298,-1387,-1509,-1641,-209,-399,-629,-931,-1220,-1505,-1697,-1943,-2215,-2495,-2731,-2966,-3205,-3453,-104,-267,-387,-514,-608,-730,-861,-993,-1117,-1198,-1287,-1409,-1541,-190,-420,-722,-1011,-1296,-1488,-1734,-2006,-2286,-2522,-2757,-2996,-3244,-163,-283,-410,-504,-626,-757,-889,-1013,-1094,-1183,-1305,-1437,-230,-532,-821,-1106,-1298,-1544,-1816,-2096,-2332,-2567,-2806,-3054,-120,-247,-341,-463,-594,-726,-850,-931,-1020,-1142,-1274,-302,-591,-876,-1068,-1314,-1586,-1866,-2102,-2337,-2576,-2824,-127,-221,-343,-474,-606,-730,-811,-900,-1022,-1154,-289,-574,-766,-1012,-1284,-1564,-1800,-2035,-2274,-2522,-94,-216,-347,-479,-603,-684,-773,-895,-1027,-285,-477,-723,-995,-1275,-1511,-1746,-1985,-2233,-122,-253,-385,-509,-590,-679,-801,-933,-192,-438,-710,-990,-1226,-1461,-1700,-1948,-131,-263,-387,-468,-557,-679,-811,-246,-518,-798,-1034,-1269,-1508,-1756,-132,-256,-337,-426,-548,-680,-272,-552,-788,-1023,-1262,-1510,-124,-205,-294,-416,-548,-280,-516,-751,-990,-1238,-81,-170,-292,-424,-236,-471,-710,-958,-89,-211,-343,-235,-474,-722,-122,-254,-239,-487,-132,-248,-113,-181,-247,-302,-396,-504,-599,-727,-856,-991,-1077,-1201,-1336,-1463,-1557,-1666,-1798,-1928,-209,-504,-851,-1181,-1425,-1673,-1890,-2109,-2391,-2679,-2904,-3163,-3419,-3696,-3905,-4107,-4366,-4621,-68,-134,-189,-283,-391,-486,-614,-743,-878,-964,-1088,-1223,-1350,-1444,-1553,-1685,-1815,-295,-642,-972,-1216,-1464,-1681,-1900,-2182,-2470,-2695,-2954,-3210,-3487,-3696,-3898,-4157,-4412,-66,-121,-215,-323,-418,-546,-675,-810,-896,-1020,-1155,-1282,-1376,-1485,-1617,-1747,-347,-677,-921,-1169,-1386,-1605,-1887,-2175,-2400,-2659,-2915,-3192,-3401,-3603,-3862,-4117,-55,-149,-257,-352,-480,-609,-744,-830,-954,-1089,-1216,-1310,-1419,-1551,-1681,-330,-574,-822,-1039,-1258,-1540,-1828,-2053,-2312,-2568,-2845,-3054,-3256,-3515,-3770,-94,-202,-297,-425,-554,-689,-775,-899,-1034,-1161,-1255,-1364,-1496,-1626,-244,-492,-709,-928,-1210,-1498,-1723,-1982,-2238,-2515,-2724,-2926,-3185,-3440,-108,-203,-331,-460,-595,-681,-805,-940,-1067,-1161,-1270,-1402,-1532,-248,-465,-684,-966,-1254,-1479,-1738,-1994,-2271,-2480,-2682,-2941,-3196,-95,-223,-352,-487,-573,-697,-832,-959,-1053,-1162,-1294,-1424,-217,-436,-718,-1006,-1231,-1490,-1746,-2023,-2232,-2434,-2693,-2948,-128,-257,-392,-478,-602,-737,-864,-958,-1067,-1199,-1329,-219,-501,-789,-1014,-1273,-1529,-1806,-2015,-2217,-2476,-2731,-129,-264,-350,-474,-609,-736,-830,-939,-1071,-1201,-282,-570,-795,-1054,-1310,-1587,-1796,-1998,-2257,-2512,-135,-221,-345,-480,-607,-701,-810,-942,-1072,-288,-513,-772,-1028,-1305,-1514,-1716,-1975,-2230,-86,-210,-345,-472,-566,-675,-807,-937,-225,-484,-740,-1017,-1226,-1428,-1687,-1942,-124,-259,-386,-480,-589,-721,-851,-259,-515,-792,-1001,-1203,-1462,-1717,-135,-262,-356,-465,-597,-727,-256,-533,-742,-944,-1203,-1458,-127,-221,-330,-462,-592,-277,-486,-688,-947,-1202,-94,-203,-335,-465,-209,-411,-670,-925,-109,-241,-371,-202,-461,-716,-132,-262,-259,-514,-130,-255,-105,-184,-265,-410,-525,-645,-774,-877,-992,-1121,-1241,-1371,-1504,-1643,-1753,-1857,-1988,-2122,-244,-551,-892,-1172,-1401,-1667,-1930,-2120,-2403,-2652,-2903,-3164,-3413,-3651,-3833,-4035,-4300,-4555,-79,-160,-305,-420,-540,-669,-772,-887,-1016,-1136,-1266,-1399,-1538,-1648,-1752,-1883,-2017,-307,-648,-928,-1157,-1423,-1686,-1876,-2159,-2408,-2659,-2920,-3169,-3407,-3589,-3791,-4056,-4311,-81,-226,-341,-461,-590,-693,-808,-937,-1057,-1187,-1320,-1459,-1569,-1673,-1804,-1938,-341,-621,-850,-1116,-1379,-1569,-1852,-2101,-2352,-2613,-2862,-3100,-3282,-3484,-3749,-4004,-145,-260,-380,-509,-612,-727,-856,-976,-1106,-1239,-1378,-1488,-1592,-1723,-1857,-280,-509,-775,-1038,-1228,-1511,-1760,-2011,-2272,-2521,-2759,-2941,-3143,-3408,-3663,-115,-235,-364,-467,-582,-711,-831,-961,-1094,-1233,-1343,-1447,-1578,-1712,-229,-495,-758,-948,-1231,-1480,-1731,-1992,-2241,-2479,-2661,-2863,-3128,-3383,-120,-249,-352,-467,-596,-716,-846,-979,-1118,-1228,-1332,-1463,-1597,-266,-529,-719,-1002,-1251,-1502,-1763,-2012,-2250,-2432,-2634,-2899,-3154,-129,-232,-347,-476,-596,-726,-859,-998,-1108,-1212,-1343,-1477,-263,-453,-736,-985,-1236,-1497,-1746,-1984,-2166,-2368,-2633,-2888,-103,-218,-347,-467,-597,-730,-869,-979,-1083,-1214,-1348,-190,-473,-722,-973,-1234,-1483,-1721,-1903,-2105,-2370,-2625,-115,-244,-364,-494,-627,-766,-876,-980,-1111,-1245,-283,-532,-783,-1044,-1293,-1531,-1713,-1915,-2180,-2435,-129,-249,-379,-512,-651,-761,-865,-996,-1130,-249,-500,-761,-1010,-1248,-1430,-1632,-1897,-2152,-120,-250,-383,-522,-632,-736,-867,-1001,-251,-512,-761,-999,-1181,-1383,-1648,-1903,-130,-263,-402,-512,-616,-747,-881,-261,-510,-748,-930,-1132,-1397,-1652,-133,-272,-382,-486,-617,-751,-249,-487,-669,-871,-1136,-1391,-139,-249,-353,-484,-618,-238,-420,-622,-887,-1142,-110,-214,-345,-479,-182,-384,-649,-904,-104,-235,-369,-202,-467,-722,-131,-265,-265,-520,-134,-255,-121,-205,-313,-405,-512,-644,-777,-891,-1017,-1150,-1288,-1425,-1553,-1677,-1784,-1900,-2037,-2167,-84,-192,-284,-391,-523,-656,-770,-896,-1029,-1167,-1304,-1432,-1556,-1663,-1779,-1916,-2046,-108,-200,-307,-439,-572,-686,-812,-945,-1083,-1220,-1348,-1472,-1579,-1695,-1832,-1962,-92,-199,-331,-464,-578,-704,-837,-975,-1112,-1240,-1364,-1471,-1587,-1724,-1854,-107,-239,-372,-486,-612,-745,-883,-1020,-1148,-1272,-1379,-1495,-1632,-1762,-132,-265,-379,-505,-638,-776,-913,-1041,-1165,-1272,-1388,-1525,-1655,-133,-247,-373,-506,-644,-781,-909,-1033,-1140,-1256,-1393,-1523,-114,-240,-373,-511,-648,-776,-900,-1007,-1123,-1260,-1390,-126,-259,-397,-534,-662,-786,-893,-1009,-1146,-1276,-133,-271,-408,-536,-660,-767,-883,-1020,-1150,-138,-275,-403,-527,-634,-750,-887,-1017,-137,-265,-389,-496,-612,-749,-879,-128,-252,-359,-475,-612,-742,-124,-231,-347,-484,-614,-107,-223,-360,-490,-116,-253,-383,-137,-267,-130,-114,-235,-340,-447,-549,-667,-801,-912,-1051,-1194,-1327,-1456,-1589,-1711,-1828,-1953,-2082,-2209,-121,-226,-333,-435,-553,-687,-798,-937,-1080,-1213,-1342,-1475,-1597,-1714,-1839,-1968,-2095,-105,-212,-314,-432,-566,-677,-816,-959,-1092,-1221,-1354,-1476,-1593,-1718,-1847,-1974,-107,-209,-327,-461,-572,-711,-854,-987,-1116,-1249,-1371,-1488,-1613,-1742,-1869,-102,-220,-354,-465,-604,-747,-880,-1009,-1142,-1264,-1381,-1506,-1635,-1762,-118,-252,-363,-502,-645,-778,-907,-1040,-1162,-1279,-1404,-1533,-1660,-134,-245,-384,-527,-660,-789,-922,-1044,-1161,-1286,-1415,-1542,-111,-250,-393,-526,-655,-788,-910,-1027,-1152,-1281,-1408,-139,-282,-415,-544,-677,-799,-916,-1041,-1170,-1297,-143,-276,-405,-538,-660,-777,-902,-1031,-1158,-133,-262,-395,-517,-634,-759,-888,-1015,-129,-262,-384,-501,-626,-755,-882,-133,-255,-372,-497,-626,-753,-122,-239,-364,-493,-620,-117,-242,-371,-498,-125,-254,-381,-129,-256,-127,-149,-197,-273,-350,-470,-600,-746,-877,-1013,-1149,-1284,-1415,-1541,-1672,-1806,-1938,-2068,-2191,-48,-124,-201,-321,-451,-597,-728,-864,-1000,-1135,-1266,-1392,-1523,-1657,-1789,-1919,-2042,-76,-153,-273,-403,-549,-680,-816,-952,-1087,-1218,-1344,-1475,-1609,-1741,-1871,-1994,-77,-197,-327,-473,-604,-740,-876,-1011,-1142,-1268,-1399,-1533,-1665,-1795,-1918,-120,-250,-396,-527,-663,-799,-934,-1065,-1191,-1322,-1456,-1588,-1718,-1841,-130,-276,-407,-543,-679,-814,-945,-1071,-1202,-1336,-1468,-1598,-1721,-146,-277,-413,-549,-684,-815,-941,-1072,-1206,-1338,-1468,-1591,-131,-267,-403,-538,-669,-795,-926,-1060,-1192,-1322,-1445,-136,-272,-407,-538,-664,-795,-929,-1061,-1191,-1314,-136,-271,-402,-528,-659,-793,-925,-1055,-1178,-135,-266,-392,-523,-657,-789,-919,-1042,-131,-257,-388,-522,-654,-784,-907,-126,-257,-391,-523,-653,-776,-131,-265,-397,-527,-650,-134,-266,-396,-519,-132,-262,-385,-130,-253,-123,-6,90,-5,-118,-123,-108,-126,-138,-133,-40,-201,-27,80,58,57,61,58,-14,18,-276,-202,-129,-263,-386,-301,-373,-342,87,-136,-387,-401,-564,-735,-568,-798,-738,74,41,-243,-263,-460,-775,-678,-1133,-1225,-9,209,3,-39,-176,-419,-324,-821,-940,-148,355,490,402,242,-4,-5,-414,-447,-235,375,676,610,481,344,275,37,64,-196,325,480,431,466,543,475,534,595,46,5,-103,-119,-104,-103,-120,-122,-97,26,136,123,97,110,115,89,-132,-121,-31,-107,-277,-228,-218,-221,-43,-296,-328,-380,-617,-533,-578,-657,55,-217,-281,-315,-670,-669,-922,-1151,136,4,-137,-95,-397,-383,-703,-947,201,369,280,245,-80,-95,-385,-530,223,537,499,404,242,189,-6,-19,216,375,377,328,420,396,408,505,4,-99,-114,-109,-94,-102,-122,-131,33,141,134,124,107,133,120,76,-30,104,35,-83,-134,-87,-107,-12,-137,-114,-170,-295,-394,-335,-465,-283,-143,-141,-189,-334,-569,-640,-955,-861,-54,-152,-146,-183,-440,-529,-914,-787,101,34,14,-148,-348,-397,-728,-589,164,137,99,-32,-145,-182,-338,-325,89,66,55,60,117,171,184,123,-49,-59,-65,-50,-39,-64,-80,57,53,52,10,45,40,42,71,19,-41,-139,-128,-66,-5,21,-53,-67,-232,-256,-201,-158,14,-78,-60,-335,-502,-615,-658,-24,-117,25,-291,-461,-669,-667,-34,-55,-92,-371,-434,-646,-619,-14,-24,-121,-259,-280,-393,-420,-19,21,-58,14,112,78,53,-5,-10,-5,20,4,-30,-45,-6,-1,-27,-22,-6,9,-31,-8,-61,-107,-196,-97,-53,82,-19,-37,-90,-297,-138,-146,138,-26,-22,-87,-490,-421,-550,-222,-50,56,5,-436,-413,-552,-141,1,-21,-137,-385,-356,-515,-222,1,-39,-146,-227,-182,-352,-263,15,-26,-41,138,146,37,-76,0,-6,19,22,-17,-39,8,-9,-29,-4,19,25,-36,-24,-160,-97,29,130,-36,22,-251,-175,2,147,-40,58,-385,-412,-339,-148,7,135,-365,-423,-385,-99,-23,-14,-341,-326,-366,-185,-12,-85,-191,-130,-257,-208,10,-89,105,157,1,-76,-5,10,27,-3,-43,-52,-11,-15,-20,24,43,-51,19,-65,-102,61,145,146,54,-107,-214,67,161,211,84,-149,-412,-157,-52,-38,92,-143,-472,-203,-58,-49,24,-140,-310,-109,-114,-133,-16,-91,-90,-59,-153,-190,-61,46,179,65,-96,-127,4,21,10,-35,-51,5,-25,28,55,7,-26,-110,17,183,150,-50,-223,-25,254,165,-70,-373,-214,93,-30,-56,-444,-256,66,-50,-39,-288,-101,13,-118,-41,-65,-18,-69,-146,23,171,101,-107,-102,7,10,-26,-60,-47,-14,9,57,22,-78,-32,-5,198,148,83,-61,-46,337,197,115,-93,-170,319,110,-34,-123,-206,347,90,-41,-86,-84,271,-46,-123,7,-6,101,-119,-150,61,72,-94,-173,-124,3,-14,-53,-47,-2,55,28,-26,-20,147,179,80,-51,249,294,73,-117,276,269,-12,-142,330,250,-6,-77,264,66,-123,-38,85,-92,-163,26,-96,-222,-137,-3,-33,-45,-16,27,21,-20,-96,67,136,20,-51,117,266,-6,-122,157,332,-35,-213,201,352,-45,-198,156,199,-176,-223,63,44,-170,-175,-41,-125,-124,-67,-11,-28,-6,3,-30,-60,33,-1,-106,66,-21,-276,79,-86,-401,70,-150,-428,29,-227,-386,-3,-174,-219,-40,-86,7,-8,-4,27,-12,-29,-87,3,-119,-110,17,-289,-163,17,-384,-164,11,-408,-77,-15,-360,45,-13,-201,84,-4,5,138,-1,23,-9,-21,-40,-65,-121,-134,-199,-116,-242,-36,-226,67,-145,100,-38,131,6,25,1,-59,-42,51,-64,190,-3,223,65,266,107,298,102,183,85,48,12,-14,59,115,89,76,79,41,-1,-5,-32,-25,24,48,49,33,-1,-35,-8,-101,-3,87,89,94,100,93,40,-24,-232,-44,81,6,-66,-39,-37,-11,113,-119,-350,-362,-489,-615,-476,-619,-544,85,18,-291,-309,-442,-660,-516,-820,-835,-2,152,-12,74,-25,-227,-229,-662,-798,-87,371,454,360,233,-5,3,-387,-464,-174,364,638,575,465,318,256,18,43,-166,317,549,529,582,672,641,695,819,-50,6,95,100,97,103,108,75,-115,1,136,104,-5,0,25,53,-50,-289,-308,-366,-525,-461,-459,-500,42,-252,-315,-328,-573,-529,-667,-800,112,-22,-41,41,-210,-284,-590,-818,186,318,200,197,-93,-117,-398,-576,193,480,441,371,201,148,-48,-81,180,408,424,399,505,508,522,657,7,91,97,99,94,108,95,54,22,166,147,72,18,47,73,161,-132,-99,-161,-254,-310,-255,-322,-185,-151,-158,-192,-279,-431,-443,-633,-522,-70,-94,-20,-47,-331,-461,-782,-668,86,-3,-17,-126,-324,-404,-728,-623,152,122,93,-25,-146,-186,-364,-319,123,109,125,134,208,265,313,287,42,47,52,39,53,52,31,72,63,31,-60,-53,-4,86,25,-44,-68,-157,-177,-99,-78,8,-71,-38,-217,-329,-353,-360,6,-25,129,-204,-406,-600,-578,-40,-78,-63,-313,-425,-640,-636,-17,-22,-100,-244,-275,-411,-424,-18,34,-35,55,146,154,139,0,6,-2,1,9,8,-35,0,-19,-76,-128,-75,13,107,-17,-45,-68,-208,-77,-82,125,-23,-11,-32,-340,-238,-302,-1,-36,110,1,-411,-429,-500,-188,-9,-5,-74,-360,-374,-516,-231,4,-33,-125,-224,-204,-362,-233,22,-6,-13,149,200,98,28,5,0,-5,3,14,-9,-9,-23,-112,-81,30,126,-35,11,-162,-106,34,125,-33,66,-269,-267,-165,18,41,113,-348,-438,-382,-162,-20,35,-303,-349,-382,-198,-13,-65,-187,-158,-274,-203,8,-77,101,186,44,-15,-4,-4,-7,13,10,-47,-1,-56,-84,31,125,139,42,-65,-129,64,129,200,78,-99,-293,-65,61,118,64,-173,-473,-241,-114,-98,44,-113,-333,-165,-127,-126,-11,-81,-120,-80,-154,-155,-44,37,193,94,-52,-46,3,-8,12,21,-16,-12,-77,16,133,149,-38,-135,-17,193,148,-57,-278,-150,142,81,-56,-405,-245,9,-67,-33,-305,-169,-22,-122,-30,-92,-43,-75,-134,3,175,110,-76,-59,-6,3,21,4,-61,-31,3,124,138,114,-31,-33,230,159,126,-63,-131,287,169,78,-125,-175,255,86,-22,-91,-129,219,-27,-90,-10,-29,95,-109,-116,75,81,-62,-132,-60,1,19,14,-31,-3,96,133,111,-35,153,227,78,-95,223,271,62,-99,259,217,17,-90,226,89,-75,-42,91,-71,-136,22,-87,-197,-114,7,11,-14,-71,40,81,57,27,68,195,20,-59,122,296,30,-113,148,282,-11,-139,142,206,-104,-167,65,59,-151,-134,-38,-105,-109,-35,4,-9,-46,19,18,-10,52,22,-173,74,-26,-287,62,-104,-324,32,-169,-333,3,-165,-206,-33,-77,8,-4,-21,-68,3,-27,-43,23,-198,-125,26,-292,-131,10,-303,-59,0,-310,29,-12,-198,107,-1,-3,155,-5,-32,-7,-21,-76,-119,-152,-109,-186,-34,-201,37,-144,103,-42,127,-7,-40,-16,0,-69,142,-14,175,59,185,92,247,102,203,82,76,-13,18,95,71,34,54,43,5,-7,-20,21,47,58,47,15,-16,-18,-89,-16,24,3,-23,-13,10,39,76,14,-159,-233,-324,-420,-349,-441,-367,105,60,-326,-397,-447,-541,-390,-566,-505,-16,219,68,39,-45,-243,-280,-599,-696,-77,385,390,337,277,79,56,-327,-453,-102,479,559,362,269,128,53,-194,-192,-189,369,611,552,594,690,653,683,857,-180,369,379,221,379,665,673,1022,1242,-43,9,49,42,7,7,19,61,8,-156,-216,-272,-381,-345,-352,-371,55,-285,-399,-385,-489,-416,-470,-519,135,32,-50,-12,-230,-316,-556,-725,206,265,150,212,-5,-48,-369,-567,233,388,217,154,0,-54,-267,-338,203,466,434,409,514,518,508,665,236,310,206,183,510,573,798,1085,15,58,54,35,13,19,52,99,-78,-95,-153,-242,-254,-239,-279,-187,-155,-231,-242,-260,-310,-289,-385,-276,-35,-116,-79,-133,-359,-474,-717,-646,50,-45,-16,-50,-234,-395,-706,-660,115,-35,-82,-175,-274,-339,-564,-524,152,90,113,115,191,228,280,298,77,-67,-65,61,299,463,706,670,22,18,13,-18,-22,0,60,-8,-52,-106,-131,-151,-106,-107,-30,-84,-38,-98,-155,-129,-130,-33,-49,19,-227,-391,-555,-556,-41,-74,14,-189,-370,-619,-645,-75,-96,-159,-271,-315,-506,-539,-41,9,-56,29,107,119,120,-80,-24,-79,200,419,538,569,-1,-3,-18,-44,-28,23,84,-1,-57,-62,-130,-63,-85,29,-16,5,31,-149,-48,-96,137,-15,52,-30,-334,-373,-448,-217,-13,42,22,-300,-389,-528,-288,0,-47,-98,-187,-230,-417,-293,20,3,-15,135,194,90,58,16,-14,64,458,516,503,321,-2,-3,-38,-32,8,82,-42,-12,-93,-61,2,23,-22,68,-122,-99,-25,98,14,54,-270,-358,-354,-195,-7,95,-246,-355,-432,-264,-21,-42,-144,-166,-319,-268,10,-75,84,184,40,-9,24,-79,356,469,332,217,2,-17,-33,1,66,95,28,-33,-49,36,36,102,65,-39,-139,10,86,175,39,-121,-349,-220,-135,-104,69,-89,-339,-256,-201,-193,-5,-46,-113,-118,-221,-207,-37,19,191,94,-60,-24,-78,156,444,246,87,133,-5,-30,-6,48,90,-26,-55,-5,80,53,-40,-150,-79,119,98,-38,-286,-206,-42,-83,-36,-305,-242,-125,-189,-11,-91,-75,-144,-203,-11,170,114,-80,-61,53,382,239,-44,69,-9,-7,41,74,91,-9,-7,100,52,70,-24,-76,197,129,116,-84,-144,145,30,-19,-86,-164,113,-64,-106,-19,-48,31,-182,-148,78,94,-53,-139,-27,128,160,-184,-115,53,-7,31,53,83,-11,61,98,23,-62,133,187,64,-80,160,124,3,-97,160,45,-69,-42,58,-121,-160,25,-81,-207,-112,73,-216,-271,-36,16,32,53,62,24,83,-13,-17,72,201,31,-36,100,189,-6,-73,116,161,-66,-98,55,24,-169,-113,-34,-113,-123,-5,-114,-230,-39,117,6,16,38,24,13,-84,51,3,-174,40,-76,-215,25,-140,-244,-10,-169,-186,-38,-88,13,-61,6,229,4,17,22,11,-107,-45,27,-197,-60,9,-204,-3,-5,-222,56,-11,-182,148,-3,-7,199,6,185,231,2,20,-33,-64,-102,-75,-134,-5,-155,51,-137,120,-44,145,55,168,9,-4,-52,114,-20,157,55,146,93,185,103,227,84,122,69,-23,0,73,67,19,20,51,21,-25,-13,20,43,53,52,22,-4,-42,20,47,-9,-54,-89,-114,-113,-150,-129,117,66,-297,-389,-406,-435,-324,-432,-404,-19,185,12,-38,-61,-142,-144,-331,-399,-84,317,367,419,394,257,125,-213,-404,-55,484,515,289,226,113,35,-212,-302,-142,347,565,486,544,650,608,619,743,-164,350,440,288,461,780,813,1138,1373,21,-23,-57,-80,-116,-117,-121,-144,44,-267,-387,-390,-404,-344,-363,-409,118,8,-92,-44,-140,-176,-313,-421,178,250,238,329,175,51,-268,-485,214,348,129,87,-20,-76,-292,-431,169,420,368,357,466,477,454,556,196,354,245,235,588,685,900,1190,-15,-41,-58,-97,-102,-99,-126,-91,-139,-224,-250,-229,-226,-203,-269,-255,-32,-141,-99,-88,-221,-271,-422,-384,45,5,93,76,-125,-321,-601,-618,111,-80,-130,-163,-250,-340,-591,-635,151,67,90,112,190,230,227,227,122,-32,-12,125,390,563,808,757,-14,-20,-47,-63,-62,-56,-65,-33,-87,-52,-34,-62,-39,-99,-46,-54,28,-120,-204,-305,-307,-18,6,105,-113,-301,-562,-605,-88,-131,-143,-224,-292,-512,-605,-51,-1,-48,33,126,89,67,-86,-23,-69,230,467,602,606,2,-19,-38,-41,-28,-41,-26,-19,-7,46,-39,26,-54,44,-17,59,18,-163,-177,-222,-76,-4,92,11,-254,-392,-498,-415,-15,-35,-42,-141,-235,-440,-382,18,5,-1,159,185,58,8,18,2,85,490,583,542,345,-10,-17,-31,-20,0,-29,-16,51,-19,-5,4,28,26,56,-140,-188,-183,-77,32,67,-215,-345,-432,-375,-13,1,-92,-164,-338,-329,14,-61,102,181,20,-52,27,-73,366,523,372,230,-1,-18,-11,16,-17,-4,44,9,-34,17,21,65,24,-65,-210,-118,-55,-47,32,-113,-320,-284,-290,-341,6,-13,-116,-164,-267,-299,-41,35,181,83,-94,-88,-70,153,478,285,98,115,-5,-9,16,16,-15,-21,-49,-49,44,14,-18,-178,-120,-7,-39,-29,-253,-209,-196,-273,2,-95,-121,-193,-274,7,156,111,-100,-116,40,399,270,-27,45,-7,14,21,-14,-7,7,-50,85,35,19,-53,-92,108,33,-15,-87,-120,16,-124,-195,-23,-80,-26,-219,-223,62,84,-64,-185,-101,143,182,-157,-130,9,10,15,13,-24,-42,42,81,-9,-54,112,87,-1,-50,94,-27,-124,-51,25,-137,-190,25,-70,-225,-163,73,-202,-285,-91,1,6,-35,-26,27,108,-2,-60,69,131,0,-60,67,69,-91,-126,45,9,-156,-144,-28,-120,-163,-51,-107,-232,-83,62,3,-5,-40,30,9,-123,28,-53,-153,10,-131,-192,-14,-148,-185,-39,-116,-26,-61,-22,178,-1,-40,-19,21,-131,-63,6,-137,-11,-18,-142,33,-8,-157,91,-14,-29,181,-3,152,207,-6,-29,-63,-69,-93,-7,-105,44,-118,81,-49,139,45,155,-27,48,-26,94,43,83,86,89,87,161,83,127,65,-10,31,46,0,-23,25,22,-20,13,28,40,49,24,0,-35,54,9,-125,-149,-149,-169,-110,-151,-148,-25,37,-42,-15,26,48,69,26,10,-124,194,428,495,466,312,161,-47,-223,-71,308,432,377,362,268,175,-49,-212,-96,272,467,384,440,531,492,510,587,-213,212,483,422,565,869,912,1229,1490,-242,212,517,349,520,798,758,1344,1565,9,-119,-151,-154,-156,-118,-129,-144,38,-10,-32,41,48,47,11,-4,108,319,373,418,259,129,-107,-256,141,310,223,244,172,103,-136,-286,116,343,288,282,369,385,362,435,126,427,399,387,701,805,1013,1334,139,439,427,319,671,722,1101,1482,-63,-71,-91,-83,-63,-60,-79,-104,-14,-65,2,65,7,10,-27,15,102,132,185,124,-46,-207,-389,-443,97,27,22,47,-53,-204,-422,-519,136,59,66,96,169,204,174,175,173,98,127,240,480,653,922,921,176,129,65,122,444,672,1078,921,-2,-30,-25,13,-5,6,-37,-20,-2,93,20,1,-29,14,7,47,60,-115,-255,-465,-492,-25,-62,-1,-79,-206,-439,-523,-45,-10,-42,27,117,46,43,-45,17,-25,225,459,619,678,-52,40,-182,214,533,732,735,-4,-16,32,-4,21,-26,-3,-11,78,61,-15,-6,15,111,16,37,-40,-220,-355,-415,-395,-20,15,34,-124,-269,-421,-390,13,-6,6,153,140,34,-3,15,14,63,433,558,565,424,57,-121,-20,570,618,646,277,-20,25,7,11,-6,-1,40,55,-36,-49,-21,76,8,5,-180,-294,-382,-335,3,58,-78,-199,-366,-322,9,-41,102,144,-3,-44,32,-74,306,492,390,309,-22,-200,464,603,424,215,28,20,6,3,4,15,9,-26,-96,-29,46,58,5,-82,-236,-249,-235,-299,29,-10,-162,-241,-265,-318,-37,49,148,59,-85,-92,-65,114,436,299,166,185,-134,235,645,315,131,122,-11,-7,-31,0,-7,-3,-88,-43,39,52,-13,-172,-164,-178,-215,-3,-133,-188,-227,-267,24,119,85,-100,-111,24,356,280,38,117,90,574,335,-56,95,14,-28,17,6,-7,-29,-41,80,71,53,-61,-93,-32,-102,-162,-33,-119,-70,-178,-209,38,61,-66,-180,-103,131,191,-86,-59,72,189,221,-321,-145,28,-24,0,19,-12,-27,72,70,53,-37,45,-53,-86,-64,9,-114,-132,19,-53,-208,-135,70,-146,-228,-37,106,-345,-376,-43,6,39,4,-27,42,79,40,8,42,19,-47,-69,42,7,-79,-84,-15,-112,-142,-39,-80,-197,-58,83,-180,-362,-4,169,12,7,-42,15,-17,-48,-2,-96,-91,-11,-112,-104,-42,-113,-14,-56,-26,175,-91,60,393,9,-44,-29,7,-46,14,-19,-47,43,-13,-73,72,-13,-17,176,-5,144,205,0,358,229,-23,-26,-46,15,-56,61,-75,83,-45,144,40,161,151,182,-7,22,39,21,84,6,90,55,86,107,69,-8,56,-185,11,-17,-51,-22,17,-17,-81,7,16,24,9,-13,-43,-79,-11,1,-38,-37,-19,17,9,20,21,-125,118,347,388,364,276,171,81,-16,-76,198,384,429,393,309,118,-75,-253,-47,235,398,281,311,379,348,352,387,-164,148,412,326,429,692,741,1025,1286,-224,151,553,386,516,776,772,1320,1606,5,-6,-28,-2,24,9,16,23,69,281,323,348,240,159,34,-35,91,281,303,323,243,92,-137,-287,75,289,192,177,240,253,235,259,70,367,325,297,544,654,857,1142,77,469,458,333,640,724,1101,1504,2,-41,-10,34,2,16,15,44,105,124,161,107,3,-84,-168,-173,92,94,127,111,-33,-210,-391,-469,132,31,14,46,104,123,73,72,172,92,100,175,390,575,795,858,221,181,114,124,446,692,1106,1016,-15,-7,45,3,10,5,40,2,40,35,-89,-152,-271,-248,6,16,56,-84,-221,-438,-488,-50,-47,-60,-7,56,-16,-28,-47,5,-51,148,394,533,620,-50,39,-206,163,497,740,767,-13,44,20,10,12,39,76,15,22,-48,-134,-215,-207,-196,-10,43,-33,-163,-328,-409,-459,-1,-16,6,114,79,-7,-34,14,-6,21,372,493,515,432,60,-127,-55,517,629,667,359,34,18,-2,-7,16,59,8,-13,-119,-176,-203,-164,30,10,-116,-241,-358,-380,5,-18,85,94,-14,-52,24,-80,255,437,378,319,-31,-214,405,605,472,281,-11,-13,-35,-5,30,39,-9,-61,-141,-130,-106,-151,-7,-69,-187,-252,-305,-375,-25,47,101,30,-82,-93,-68,95,382,305,181,212,-125,197,635,371,191,195,6,-26,-3,28,43,-3,-103,-68,-79,-96,-6,-120,-145,-234,-276,27,76,49,-85,-107,32,303,287,82,137,67,552,376,25,146,-14,-8,30,37,40,-46,-34,-7,-39,-74,-50,-68,-105,-178,-214,18,36,-61,-157,-94,99,188,-35,-45,82,188,250,-232,-100,68,-4,27,30,39,-8,43,-24,-31,-14,-11,-120,-128,13,-40,-158,-106,73,-89,-180,-29,109,-285,-324,-39,14,24,25,20,28,-1,-23,-20,10,-47,-86,-76,-8,-89,-111,-34,-57,-166,-80,73,-156,-326,-30,150,3,0,1,-5,-62,-31,-17,-92,-54,-37,-81,-15,-48,-43,134,-82,43,340,4,-3,14,-19,-3,38,-23,-16,52,-7,-15,122,-13,99,190,-6,302,208,-11,12,-19,50,-29,67,-30,96,31,146,137,160,15,2,54,-13,65,3,52,85,50,41,34,-128,-7,-39,-34,22,15,-45,1,11,6,-11,-39,-72,-57,26,159,208,213,183,161,137,116,-42,131,311,302,227,81,-69,-210,-349,11,115,181,166,209,251,265,214,200,-44,129,180,21,87,290,402,615,853,-199,69,462,317,382,582,648,1110,1446,-198,1,296,304,433,711,534,1141,1335,19,121,175,199,156,147,108,94,51,208,230,178,55,-65,-226,-346,32,109,78,100,160,197,141,116,47,148,37,-12,175,327,515,733,37,400,404,251,481,609,964,1360,48,262,436,323,657,582,970,1336,45,88,113,80,66,38,22,31,71,109,70,-21,-119,-255,-384,-489,40,26,17,76,136,100,37,-7,79,-28,-73,-21,204,390,537,611,194,199,104,59,371,623,1015,985,103,192,184,167,421,600,1061,917,12,42,28,1,-14,-45,-29,15,7,-61,-136,-242,-391,-477,-3,-28,10,88,75,7,-48,-57,-54,-117,92,318,440,494,-25,29,-234,108,422,707,737,8,166,-93,217,498,740,768,19,6,-11,-31,-51,-37,-38,8,-47,-90,-174,-298,-393,-468,-8,-1,76,86,38,-55,-71,7,-52,22,321,441,424,392,55,-150,-83,415,597,623,409,73,-81,-122,488,521,644,136,-8,-6,-39,-46,-47,-41,-24,-44,-105,-199,-314,-370,-9,47,75,50,-48,-75,-11,-52,231,391,349,297,-56,-207,321,565,484,330,12,-271,395,530,434,98,3,-20,-32,-22,-18,-35,-7,-36,-108,-198,-263,-322,25,52,50,-28,-93,-101,-37,111,344,300,177,219,-93,160,588,404,246,276,-178,137,601,296,55,23,-4,-29,-6,-17,-27,-6,-55,-115,-200,-240,6,22,-33,-103,-122,33,250,246,98,120,35,493,371,106,196,73,593,390,-70,70,-15,3,3,-9,-20,-17,-55,-115,-164,-195,15,-17,-67,-124,-94,82,151,1,-48,66,183,245,-123,-37,117,169,295,-374,-139,11,5,18,-9,-13,-15,-45,-114,-126,-14,-41,-103,-84,53,-57,-131,-37,92,-214,-235,-21,182,-385,-369,-47,8,-8,-14,-5,-8,-52,-73,-72,-4,-46,-65,-27,-37,-113,-90,32,-122,-246,-36,118,-238,-431,-14,158,-3,-24,-8,-14,-55,-35,-19,-43,-16,-36,-38,64,-62,41,255,-91,107,451,-10,4,15,-16,-5,14,-4,-15,55,-4,27,137,0,210,158,-11,428,160,-1,17,-9,29,-16,43,6,96,103,111,220,124,16,-5,29,-10,21,49,19,91,4,-56,-1,-267,-14,-20,17,52,0,-94,7,1,-6,-32,-60,-78,0,65,67,9,-43,-107,-160,-213,-269,49,15,-30,32,72,140,107,57,32,48,102,-52,-268,-210,-14,157,326,526,-107,15,228,35,78,253,376,775,1115,-137,-50,169,155,261,537,447,986,1249,26,45,1,-48,-96,-144,-198,-246,-4,-45,-21,23,99,77,27,-6,20,-31,-238,-273,-86,86,275,436,-5,215,151,5,192,349,695,1047,0,167,288,181,494,475,857,1237,13,-11,-55,-87,-131,-176,-227,-279,-26,-19,21,91,95,50,4,-17,14,-168,-226,-120,78,265,372,448,132,81,-24,-55,220,501,824,862,87,132,132,120,362,576,1025,952,-7,-37,-66,-94,-134,-186,-230,11,13,87,99,65,19,-10,-79,-128,-115,74,262,389,426,-44,-20,-240,47,362,632,682,-7,128,-97,182,467,759,803,-10,-34,-46,-82,-125,-172,-196,-15,55,61,53,12,-30,-67,-24,-34,74,288,413,396,434,37,-142,-73,360,565,586,490,59,-59,-105,441,565,678,291,-10,-19,-39,-77,-125,-141,32,42,42,12,-30,-75,-1,14,219,345,348,347,-50,-170,275,514,482,398,17,-242,341,536,492,222,-4,-8,-42,-81,-100,-120,6,0,-4,-41,-99,-104,-8,116,268,269,214,272,-79,148,505,408,295,357,-152,106,562,350,149,150,-1,-19,-53,-73,-85,-2,2,-24,-82,-95,31,174,176,141,160,38,407,344,178,252,45,538,397,39,157,-2,-32,-43,-58,-74,-2,-2,-55,-81,-66,62,90,53,18,108,151,206,-25,20,160,168,288,-238,-51,84,-14,-20,-36,-44,8,-34,-60,-53,19,-17,-32,19,67,-130,-138,14,157,-298,-268,-16,-2,-9,-20,-30,-16,-37,-43,-26,-10,-27,-30,30,-79,-152,-29,101,-194,-332,-11,132,-2,-14,-16,-10,-16,-7,-16,1,22,-39,31,173,-67,97,357,-3,-8,-6,-1,-5,20,15,-18,68,5,118,128,-4,325,124,-6,4,-4,13,-13,34,60,82,172,88,7,-5,4,21,-7,93,-7,17,-15,-186,-4,9,61,36,-54,-4,-1,-22,-48,-63,15,-25,18,76,100,112,90,79,73,38,9,-148,-212,-118,58,244,345,476,-55,23,117,-99,-70,51,207,522,819,-180,-105,199,257,321,543,493,933,1226,-161,-211,-55,208,404,672,547,1042,1119,-20,-3,53,75,91,76,62,52,1,-96,-205,-153,14,186,305,410,-4,111,10,-107,3,178,477,755,-16,213,381,296,515,516,844,1210,-9,11,327,364,701,635,922,1190,0,43,67,73,77,59,48,38,-31,-126,-120,24,178,296,373,444,86,8,-94,-137,102,370,603,690,107,197,225,169,355,561,971,996,-32,188,283,375,555,624,1041,878,17,39,43,51,40,26,12,-35,-74,28,173,277,372,417,-57,-44,-233,-5,282,499,567,15,153,-52,131,388,686,784,84,232,165,414,542,751,779,9,15,13,21,3,-12,-38,-25,31,153,239,333,350,435,36,-138,-63,288,474,497,488,60,-32,-124,318,494,636,379,52,43,47,421,412,589,176,4,0,12,1,-17,-47,11,91,168,248,283,342,-59,-130,210,415,422,394,18,-223,216,443,473,289,44,-111,332,382,351,129,-2,0,8,-14,-45,-47,34,88,150,184,215,268,-56,131,400,376,303,368,-128,36,448,356,216,235,-97,101,397,148,75,50,0,12,-3,-37,-43,12,65,85,134,161,41,299,294,205,251,15,424,383,131,223,39,404,214,-67,99,2,6,-32,-39,-27,30,32,80,79,128,105,164,44,45,164,134,278,-96,40,153,120,176,-323,-8,71,8,-23,-33,-25,-7,27,44,67,48,-53,-68,32,141,-182,-158,28,125,-315,-208,62,-12,-26,-19,-7,16,32,27,52,-37,-83,-28,75,-138,-236,-6,115,-194,-305,114,207,-7,-3,5,2,15,14,-27,12,96,-47,71,265,-52,159,443,0,7,11,12,-17,30,8,47,104,-4,234,103,-7,426,69,4,4,-11,10,23,61,126,68,225,59,-1,5,-7,54,-7,64,-14,-117,-17,-340,2,35,52,-30,-132,2,-9,-33,-43,-59,19,0,-133,-129,-85,23,87,112,155,-20,87,111,-171,-197,-177,-37,157,339,-145,-68,191,192,187,290,222,522,742,-157,-171,44,276,402,574,461,811,880,10,-84,-128,-79,13,69,101,136,14,98,-89,-217,-198,-60,147,306,-13,194,304,201,286,259,485,745,-12,82,355,373,598,531,719,939,-39,-94,-58,32,72,108,135,186,79,-55,-189,-243,-89,107,233,279,103,156,155,48,139,301,575,625,10,205,289,321,431,462,800,665,-16,-28,67,91,119,153,196,-74,-113,-269,-116,78,217,240,1,109,-96,-23,180,380,470,74,199,123,286,363,539,555,-23,59,81,93,131,166,205,14,-148,-68,142,270,260,296,51,-52,-171,150,286,390,226,47,37,7,261,280,414,97,34,61,57,87,129,160,-67,-89,120,246,249,262,6,-211,92,269,299,175,31,-107,200,265,237,71,14,8,22,68,91,110,-28,108,250,242,222,266,-115,-4,291,257,147,161,-72,42,284,99,51,22,-1,-3,35,65,76,34,175,165,158,179,13,290,297,113,167,6,301,162,-48,74,-4,18,52,55,62,68,74,56,44,112,85,210,-38,30,102,102,140,-227,13,50,6,32,42,41,5,-15,-14,31,107,-100,-106,6,91,-230,-152,36,10,24,15,18,-4,-14,-2,38,-89,-159,-33,63,-144,-223,83,146,6,4,-1,-12,13,30,-29,23,159,-33,111,325,2,-11,4,14,-2,44,-12,138,82,-13,319,42,-6,1,-3,20,76,60,170,44,-1,16,-10,56,-2,-54,-8,-269,9,43,-12,-110,-1,-20,-28,-41,-15,34,100,-30,-48,-100,-20,42,93,-78,-20,165,143,96,93,-17,135,250,-185,-186,159,463,519,585,437,624,661,-76,-108,-49,140,250,328,149,391,232,1,75,-2,-70,-103,-28,41,86,-6,132,217,116,92,20,131,259,-22,170,502,515,614,504,570,718,7,-18,182,219,390,235,324,344,47,19,-71,-113,-43,21,55,34,70,115,97,-48,-33,53,175,212,43,302,394,356,370,330,567,468,-46,105,160,236,250,157,349,94,-20,-57,-149,-60,-1,40,13,-2,87,-112,-118,6,87,137,106,226,145,192,190,306,318,67,133,136,243,174,213,137,12,-102,-22,32,68,30,63,49,-67,-194,17,73,117,-10,47,45,-45,77,87,188,-49,17,38,50,150,7,103,-246,-61,-31,42,73,42,69,-9,-190,0,94,97,-17,26,-107,48,96,76,-50,32,-29,164,45,-12,-182,8,72,98,62,78,95,-98,-29,152,130,10,5,-54,-36,136,10,-27,-60,-43,55,105,-134,-132,-201,14,59,18,41,52,15,175,191,30,38,-25,180,92,-66,12,25,168,-47,-198,-88,36,-10,8,8,31,39,142,-44,-42,5,68,104,-160,7,18,48,2,-331,-49,-60,-27,-14,-7,10,82,-66,-105,-45,69,-157,-111,11,47,-262,-133,35,8,10,16,23,-61,-125,-71,0,-102,-162,49,92,-140,-193,147,126,-3,10,11,-26,-13,71,-22,68,222,-29,158,316,8,-2,11,-12,66,63,-16,227,26,5,335,-40,-3,4,37,47,122,32,177,-19,-4,17,4,-7,-1,-200,-24,-351,15,2,-88,-148,-9,-15,-23,-31,-9,19,44,18,-16,0,-84,-39,-2,-116,-174,36,345,400,467,343,404,405,-38,-93,-65,155,263,365,240,351,221,2,32,43,2,-5,-73,-36,-2,-29,64,350,416,489,392,374,441,-6,-34,135,224,391,276,284,281,24,1,11,-49,-75,-43,-12,25,0,210,333,340,303,237,354,321,-43,71,175,287,275,162,291,105,-18,29,-38,-87,-39,-16,18,93,193,211,180,141,179,212,58,111,204,257,154,180,121,13,-3,-105,-15,3,34,-35,24,99,2,23,13,96,-35,-2,106,104,104,9,82,-158,21,-88,-21,13,36,-36,52,-34,-7,10,14,-51,57,36,101,16,-14,-127,-58,-44,32,50,-25,-34,-29,-68,9,-35,-50,-71,-6,4,22,-129,-110,-166,7,60,94,11,-1,-28,55,38,-56,-11,-9,74,-67,-151,-80,0,76,-12,-27,-12,17,60,-82,13,2,28,-10,-215,-12,-46,53,-19,-42,-30,49,-66,-50,5,27,-168,-68,25,-30,-58,-49,-26,-55,-87,18,51,-92,-113,112,76,-12,-11,9,-5,21,120,-11,111,202,-4,13,18,-22,127,20,1,224,-52,9,11,70,29,120,-29,-1,6,9,-116,-17,-259,4,-59,-115,-1,-7,-12,-45,-92,-23,137,176,193,171,171,161,-62,-74,17,183,247,299,283,318,250,81,22,-267,-246,-150,-120,-175,-117,-349,-11,-7,133,182,205,194,162,177,-5,45,152,217,317,290,277,282,42,-235,-250,-179,-75,-133,-141,-270,-25,94,146,163,160,118,144,128,-2,93,151,241,243,159,248,128,-143,-146,-143,-5,7,-102,-126,-326,54,86,113,116,85,79,88,54,53,144,194,99,140,93,9,-24,89,175,63,-27,-124,11,41,38,15,-1,19,-3,-13,71,111,45,15,52,-36,-21,24,144,102,-89,-81,-245,10,17,0,-5,-17,-14,25,66,48,7,-4,-19,9,104,136,-58,-116,-177,10,-13,-10,-32,-18,-22,34,6,-6,-88,-19,-43,27,93,-31,-190,-146,-198,-13,-4,-15,-33,-12,-27,9,-84,-63,-14,41,-9,-171,-193,-142,3,0,-28,4,-2,26,-38,-88,45,15,-16,-108,-231,-75,-99,3,-14,-14,5,-16,-77,8,51,-18,-144,-54,25,-9,-19,11,29,-32,-18,109,63,-56,-67,117,59,1,-1,42,3,82,109,-14,104,149,-12,42,16,8,119,-53,17,167,-59,22,21,63,-36,84,-39,10,-36,-15,-157,-18,-208,-21,-69,-87,-4,-4,-16,-17,-9,38,53,64,81,85,101,85,95,90,-139,-243,-201,-183,-188,-154,-269,-9,46,41,50,84,77,86,89,32,-144,-256,-242,-182,-193,-176,-249,26,21,30,63,58,44,78,40,-69,-160,-188,-116,-86,-119,-141,-256,3,-8,23,35,10,37,18,-38,-74,-30,42,3,-36,-109,-11,20,31,8,12,24,6,-15,-13,71,73,-16,-38,-129,11,20,14,7,12,13,-6,50,94,-1,-40,-89,9,2,-3,-21,11,7,14,70,16,-73,-71,-102,-9,3,-26,-1,14,28,16,-79,-94,-83,11,-16,-14,32,18,0,-54,-119,-57,-66,-10,-19,20,25,-12,-83,-38,-5,-7,9,45,19,-30,-35,49,6,5,34,27,-11,56,55,6,30,-30,17,67,-42,17,-24,33,-34,-10,-50,-16,-93,-21,-35,2,-7,17,36,-36,-60,-57,-56,-58,-55,-81,126,60,-248,-369,-340,-363,-400,-380,-518,24,-40,-63,-65,-56,-58,-57,-73,23,-240,-339,-331,-336,-365,-361,-479,-29,-43,-55,-48,-33,-47,-52,-80,-112,-196,-239,-198,-203,-214,-322,-374,-6,-17,-15,8,-6,-13,-31,-39,-60,-40,-27,-30,-154,-186,-2,-10,11,14,-8,-15,-45,-6,-37,22,43,-96,-118,-164,-7,9,20,-2,-11,-31,-9,29,68,-63,-101,-127,6,15,10,-14,-23,-35,-13,72,-35,-88,-104,-120,4,7,-17,-28,-30,64,-25,-70,-102,-98,1,-6,-32,-23,-19,-43,-64,-111,-97,-95,1,-25,-18,-4,-3,-42,-44,-22,-9,-17,8,-4,-15,-32,0,0,-8,15,13,-9,7,27,8,17,-9,1,31,3,7,-9,14,6,-5,-21,2,-30,-6,-12,-4,-8,78,27,-105,-176,-151,-152,-157,-145,-192,-7,-110,-171,-162,-154,-154,-148,-192,-37,-95,-108,-83,-78,-69,-115,-136,-29,-32,-23,-9,5,-47,-65,0,-13,18,37,-12,-32,-45,-3,12,40,-4,-30,-40,-7,38,-1,-24,-36,-39,29,-1,-19,-37,-37,-13,-26,-41,-43,-46,-4,-14,-22,-22,-5,-10,-12,-5,0,-8,2,-5,3,6,2,8,4,-1,-2,-1,-47,-30,-2,43,19,-3,-28,-35,-53,13,20,66,58,28,1,-8,-22,-9,37,32,16,-14,-29,-40,-22,25,21,21,-17,-34,-47,-25,-4,-1,-25,-45,-64,-39,-29,4,-4,-32,-53,-30,-16,-5,-19,-43,-26,-9,-7,2,-30,-15,0,6,-18,-6,3,12,16,4,11,18,26,4,5,16,14,-1,8,10,3,8,0,3,-1,-1,-7,-2,-2,1
